1|20
260 100
1927 70
804 59
3 80
1009 61
2406 81
1587 74
3671 90
2617 75
3053 69
2571 100
1222 97
2137 76
1377 71
2395 83
2761 91
2641 72
2872 81
1258 97
2700 88
2|6
333 57
122882 55
71535 57
46970 46
58559 64
80489 52
3|8
5764 50
647 32
6835 50
5919 14
2851 19
2288 36
5048 19
4518 19
4|20
106 50
1291 82
3408 69
265 74
52 68
4347 37
2467 65
908 81
345 69
1304 81
1923 72
2959 88
368 73
1219 79
4765 37
1199 80
4166 26
1732 79
21 72
2858 83
5|9
515 57
1 65
364 66
608 68
290 54
261 63
34 60
318 76
21 58
6|20
349 87
318 100
775 50
141 83
348 77
104 78
327 67
410 74
165 85
87 53
366 59
17 87
1084 86
222 74
16 88
416 46
277 71
460 39
867 11
316 79
7|20
8528 63
3623 51
8636 67
8360 64
1517 63
466 52
8373 40
1220 67
7155 37
8808 40
6863 59
31878 58
1610 69
1219 71
4700 53
45668 48
8970 62
27741 43
6333 66
8865 47
8|10
356 70
47 67
231 52
318 77
454 63
292 61
32 67
141 60
380 60
252 57
9|10
5451 31
923 64
5890 25
2901 43
922 63
6044 50
1987 50
5378 51
3735 54
5447 23
10|20
597 66
33679 60
8533 66
8969 54
72720 35
88810 67
136020 52
6377 74
5943 43
109374 71
113394 50
61250 39
82167 42
140110 50
5377 68
77841 50
6942 67
1028 71
72330 50
66203 46
11|13
733 68
1584 66
1210 77
170 59
1438 48
648 66
1918 51
493 58
10 68
457 77
1693 59
150 74
1923 66
12|7
2717 46
2100 51
838 58
2072 42
1876 48
2581 48
6942 60
13|7
3717 49
3624 46
3798 46
2174 54
47 64
3893 50
305 35
14|10
344 53
477 52
110 68
540 42
597 57
153 49
592 59
4 35
539 58
105 50
15|20
91529 72
7438 70
111759 69
2329 78
1 73
1909 61
1240 69
115713 67
1200 72
293 74
2571 78
3949 71
120466 50
1198 77
2028 76
2011 62
158 51
160980 44
4306 71
4022 66
16|20
1230 67
78499 71
913 71
1136 74
1299 65
1617 72
1203 74
3429 52
2858 74
608 75
3683 62
4002 62
1199 71
912 75
2707 55
5782 63
1260 54
319 56
27773 67
2109 58
17|20
260 86
64839 71
296 88
5952 84
527 90
1193 85
3681 76
1240 77
2717 56
2858 83
1093 67
81932 69
5618 83
50 88
5971 75
2959 89
1201 82
541 83
82459 69
1 81
18|20
8117 50
65596 50
88094 50
145283 50
157110 50
166015 50
171023 50
103253 62
60684 78
44199 76
2 74
86628 32
59784 71
2918 81
109374 83
4226 90
53129 56
139385 78
47 89
1291 88
19|20
3692 50
3662 25
54 25
2733 24
1702 46
1240 67
1270 70
3712 25
1881 24
216 61
3 59
1834 55
2184 41
3017 34
2044 23
2354 38
2005 63
3146 41
3387 37
2694 57
20|20
1566 73
5419 60
4014 75
2140 76
586 68
661 74
3189 65
5014 75
1333 78
4161 67
3784 53
1030 56
5313 51
2804 84
2054 61
34 83
1097 82
6358 50
4519 51
1722 67
21|20
107013 50
117922 50
140301 50
57640 66
2985 67
2990 62
2717 57
5418 77
31433 54
112175 65
7153 87
30793 61
4446 65
52973 71
45186 67
2023 70
79185 45
1721 70
102125 69
5459 58
22|20
8961 55
2723 45
60950 44
64575 34
1193 60
70286 54
4993 60
2160 55
39183 49
7147 54
3996 55
3481 52
55765 53
48780 56
7361 61
51540 50
6711 56
2968 52
3949 56
48394 54
23|20
6234 50
3996 75
293 79
1206 78
1136 80
1960 66
7587 36
3424 70
3181 48
2467 63
1248 67
1617 78
6807 71
1952 69
6440 62
1258 78
1243 61
1080 74
8228 61
1711 55
24|20
1784 69
2617 60
111759 73
134853 73
58998 68
1265 73
1198 81
3147 78
1197 82
1220 70
2424 59
5418 73
72011 65
54286 71
27773 71
64957 65
356 82
44191 75
1682 71
68358 73
25|6
58559 65
60069 63
74458 60
79132 65
527 68
260 66
26|21
10 50
34 50
47 50
150 50
153 50
165 50
185 50
208 50
225 50
288 50
296 50
300 50
344 50
349 50
356 50
380 50
434 50
454 50
457 50
592 50
593 50
27|20
1196 84
2478 58
2640 70
3508 72
3555 66
1201 81
3519 46
969 75
2080 66
673 54
2886 19
2529 73
1387 79
1101 65
1947 68
1250 79
1276 81
3114 76
1083 42
3809 63
28|20
27450 50
60943 50
61011 50
63033 50
5617 64
59369 62
60046 50
507 54
3300 62
55094 33
59018 50
26695 50
2951 68
3006 64
2231 66
5418 69
26812 25
2058 59
353 69
61167 50
29|17
98961 66
7379 49
1250 80
1201 82
111362 72
48516 84
1100 48
26554 30
3441 57
4327 61
2872 67
2301 60
1617 81
3681 76
55820 76
4223 69
99114 79
30|7
5952 70
108932 59
1200 67
91529 67
116823 58
112852 68
1198 71
31|10
1198 74
1200 69
648 62
1363 36
1073 69
1036 68
1197 74
377 64
1246 69
1270 69
32|20
236 69
314 62
1356 78
357 71
224 73
627 43
1079 76
1084 75
318 92
761 54
1197 83
849 58
912 82
880 53
1198 83
58 77
203 61
608 82
497 74
410 65
33|20
110 89
17 81
2396 79
2272 29
448 56
428 69
265 77
1280 64
1177 47
1617 84
50 91
261 82
11 79
452 37
345 72
608 88
150 85
1188 67
800 72
2690 59
34|18
780 60
2273 53
3717 54
26606 25
45499 54
3996 66
4310 50
3624 51
31685 52
1721 59
5146 42
7090 63
70 59
2006 52
3000 65
4306 67
27728 22
3997 30
35|5
11 51
185 43
595 53
21 49
300 52
36|12
5171 37
3066 38
552 45
4025 41
1262 55
2735 33
2359 48
1372 47
1278 55
2194 53
3347 41
1704 58
37|5
344 44
356 58
661 45
329 48
457 56
38|16
434 54
39 57
223 63
161 66
246 65
168 53
273 48
480 63
356 71
457 68
364 67
50 71
500 57
300 62
551 58
21 59
39|20
2571 85
2391 66
1921 74
1862 36
1219 78
1907 70
2081 68
2459 53
924 77
2529 73
1729 68
47 81
260 84
2080 66
592 72
296 86
3213 61
610 69
589 81
596 67
40|20
440 71
454 78
588 78
339 73
158 56
432 55
431 74
186 59
616 69
514 62
21 72
592 72
1 80
223 76
585 55
216 69
104 69
371 64
111 83
267 53
41|20
96829 53
64839 63
122882 65
6287 50
1569 60
106920 64
86781 45
3160 64
1721 61
2028 75
6763 33
5418 68
53519 54
122904 68
55247 66
924 69
4011 73
2324 74
35836 61
5995 69
42|20
3869 75
4654 48
1021 51
2423 73
3248 41
4477 37
2500 40
1431 53
195 60
3326 38
2407 69
1090 87
2735 53
3693 45
1020 69
4545 66
4132 43
2263 45
3535 82
2805 65
43|20
225 85
296 99
596 77
588 88
587 80
420 64
158 64
631 59
5 70
597 80
168 73
355 52
47 93
367 74
519 50
594 81
236 80
1 91
60 74
259 52
44|10
36 67
663 46
12 39
661 55
94 51
1 67
104 57
112 56
494 60
889 50
45|20
2718 60
1036 89
2028 96
1653 89
1682 84
2396 86
3249 60
261 89
4308 78
329 82
1367 68
2890 81
593 99
1127 81
2431 71
6377 91
569 49
1197 97
1060 80
2858 94
46|9
590 69
588 66
315 56
208 53
1 68
432 46
225 64
434 56
339 62
47|20
508 67
68932 25
72395 32
2420 60
597 63
148626 63
5989 69
96588 58
69122 64
6155 55
4975 58
30749 67
106100 55
45950 54
2028 74
4018 54
1259 70
6373 57
33166 66
2407 54
48|7
4886 63
1320 51
1527 60
1193 69
3793 61
48 54
1653 64
49|5
2028 60
1214 56
139385 52
318 67
527 64
50|20
8143 50
114335 50
136564 50
142074 50
171759 50
175693 50
179073 50
175707 50
71264 57
82848 50
1377 52
44555 68
8157 40
6807 65
95543 39
8253 39
96610 61
924 68
32875 50
4896 65
51|20
7040 50
5620 69
2613 51
4437 64
2023 81
1500 84
522 59
858 100
4508 64
2951 88
1014 53
1407 76
2282 47
2420 80
3388 52
260 100
3186 77
3994 78
3501 40
2371 68
52|20
152081 82
51255 87
74458 89
1923 81
7438 87
40583 69
59784 74
55765 84
112852 91
86892 41
55363 65
112138 74
49272 88
52245 59
69481 84
50794 55
1704 93
54736 59
44665 82
47200 62
53|5
481 43
1100 35
249 48
1125 49
916 53
54|7
296 62
593 62
639 28
1 57
205 37
161 57
500 49
55|5
2407 37
673 32
3275 47
2890 42
4011 49
56|10
786 58
253 66
165 66
110 73
589 72
370 55
434 57
410 58
69 59
185 55
57|20
2140 70
942 54
920 73
3175 72
1784 74
3429 60
933 78
1193 87
3446 26
160 62
1499 37
2640 73
892 59
11 78
2947 76
6 83
2478 60
2291 74
1688 64
2301 62
58|20
588 78
282 68
185 63
419 52
367 66
277 63
48 65
280 61
337 74
345 69
3 67
357 73
527 89
587 71
218 60
500 69
508 75
368 72
364 82
353 75
59|20
1696 29
6460 52
3489 69
1188 67
1222 85
2076 77
3448 74
1263 79
1247 83
527 93
1244 80
904 87
903 83
965 61
2616 59
1953 77
608 88
105 65
912 88
3471 75
60|5
832 48
58559 60
805 51
455 34
858 61
61|8
266 62
1101 56
7438 66
173 47
555 65
2012 57
4878 69
3949 67
62|20
99114 93
176371 79
3793 88
56757 81
73017 87
30793 71
179819 61
68554 68
185135 35
168248 63
5903 88
4878 95
2028 100
5502 76
6058 60
344 77
1721 82
45499 75
41566 80
78105 60
63|20
5669 70
4246 68
48780 76
500 67
6016 81
31658 74
2858 80
64285 38
85414 66
1221 82
106696 66
4963 74
50 84
1097 72
260 83
110 82
1222 79
4979 69
5952 80
77561 66
64|20
5878 69
3101 67
2640 76
2959 95
8784 77
2054 59
4239 78
4025 63
5026 66
40819 79
266 79
2699 62
27266 55
3969 71
1805 64
6296 65
4776 77
3148 77
4262 82
356 93
65|7
1246 64
33660 55
7458 54
2329 70
4993 69
91542 56
3147 67
66|20
593 100
47 96
5418 88
922 90
2139 75
2956 55
3745 74
1956 68
4581 50
5349 83
1210 97
1094 77
2001 72
380 85
6539 90
671 79
1 94
6378 82
7766 51
296 100
67|8
99114 63
4306 63
27193 34
79132 68
60069 65
2012 53
4886 61
4993 67
68|20
47978 50
95218 50
6534 50
48696 43
67267 40
30825 59
1799 56
3556 68
8622 69
4351 58
63113 65
58295 59
7151 60
2413 61
6287 56
653 64
41566 67
5541 54
260 85
48043 60
69|10
4370 58
4848 68
3671 69
2476 54
1193 76
356 78
553 70
4022 66
260 77
3994 60
70|13
1193 82
1097 72
1914 52
1269 72
4995 78
318 91
8949 68
1968 73
1210 81
89492 66
1250 78
1235 72
2366 66
71|7
494 55
647 50
736 52
95 48
733 56
589 63
7 51
72|9
1047 55
150 72
858 78
2490 62
1357 65
260 76
50 77
1198 76
1196 76
73|20
1193 92
45720 75
105037 40
6333 80
59315 83
76293 58
138204 32
2706 74
152081 80
45221 39
68135 63
150 88
8376 69
93510 76
59784 72
116823 75
106072 66
1682 81
52245 57
35836 75
74|20
31522 50
2594 70
2908 86
30749 91
6870 88
3006 86
52281 81
49772 51
55118 84
2997 95
6305 69
608 100
4546 61
41863 57
27773 91
6001 64
1251 82
6552 74
46976 88
44555 94
75|14
5445 60
1240 62
5952 67
2193 54
6870 58
2529 60
168 52
541 67
3176 55
1962 54
2078 60
1889 45
1266 63
1374 61
76|20
48877 40
5956 54
2918 59
58803 52
1247 62
74458 62
7669 46
79132 67
8957 47
858 69
55820 60
1258 64
63436 26
1201 65
1208 66
48 52
288 55
34405 60
1 64
1196 67
77|6
3996 56
4973 62
7361 62
8636 53
3578 58
33794 55
78|13
296 74
165 64
3809 54
589 70
546 34
27904 56
260 72
590 69
480 65
68791 50
344 55
44974 51
380 62
79|13
3266 50
3029 46
589 79
1916 51
307 69
4005 54
260 82
1189 58
1345 63
2000 69
1374 71
2659 50
2076 71
80|20
7445 78
96691 34
84189 50
91630 77
49530 85
8950 88
6539 91
4223 81
5630 74
3527 82
76251 81
80363 50
52604 70
6502 91
34048 71
1221 99
60684 85
6952 55
5989 92
77561 80
81|26
10 50
32 50
47 50
110 50
150 50
153 50
161 50
165 50
208 50
231 50
288 50
296 50
316 50
318 50
329 50
344 50
356 50
364 50
367 50
377 50
380 50
457 50
480 50
588 50
589 50
592 50
82|20
6886 50
2381 36
2378 55
6566 29
368 73
6536 50
3253 67
4310 59
1608 64
1372 67
145 63
356 86
6708 69
1485 61
4369 59
6564 44
6888 38
5803 38
4015 51
364 82
83|20
56367 66
7143 65
7323 57
6539 68
161 71
586 54
2115 63
1270 70
6874 70
2324 73
1537 58
7153 75
68954 72
48774 67
30749 66
8014 55
1222 72
3753 61
1223 64
64983 48
84|20
55 50
987 50
912 90
1096 62
420 61
1227 72
113 40
580 39
5060 81
1293 76
900 64
1097 80
62 82
368 78
1305 46
1247 85
1296 69
11 81
1073 85
1094 71
85|7
1519 50
1624 21
1140 50
1694 35
1643 34
1747 52
1635 52
86|14
4993 80
4310 55
6947 63
2411 50
457 78
5418 72
3996 73
4901 59
1835 58
33794 72
1196 80
3555 63
1097 70
2687 61
87|5
4023 38
2009 43
3504 48
671 47
2139 44
88|12
7312 50
74795 49
4993 79
68157 78
5952 77
1193 78
223 71
8665 68
4262 70
56782 70
8677 25
58559 79
89|104
26645 50
32060 50
44851 50
53280 50
53578 50
67888 50
69211 50
81087 50
84246 50
103602 50
108078 50
109596 50
118894 50
121007 50
128089 50
128944 50
131098 50
131439 50
134847 50
140481 50
146684 50
148632 50
150554 50
164226 50
30793 69
169912 32
87869 75
1923 83
4015 59
950 57
173253 50
2324 96
27826 50
92259 96
11 87
3977 62
86298 54
8154 51
77688 50
2997 90
170837 50
49274 49
157775 50
1 93
142196 50
99117 56
62008 50
72624 50
108156 49
3752 71
2059 65
128520 54
3175 81
133879 50
48649 50
126088 50
5529 31
65588 50
99130 50
40962 42
1732 91
68659 55
91666 50
2683 74
3751 81
750 99
6650 34
149508 50
2395 80
51575 44
65230 65
171751 50
85881 57
139157 50
6863 76
4246 81
108949 39
1230 87
160567 34
73319 46
177185 50
130520 60
5220 50
121338 50
153386 50
50872 88
149566 50
145491 50
4890 66
129354 56
32243 50
84944 71
6402 50
1288 92
140133 50
119141 65
947 50
176621 50
4973 99
158398 50
69469 50
54503 86
141928 50
102481 63
90|11
1137 50
1144 50
581 41
81 54
892 55
1073 75
116 39
896 26
17 73
7 63
613 46
91|20
3013 50
6395 50
8147 50
7153 87
3360 68
2791 77
3897 78
1080 78
4850 42
3429 59
7000 37
2060 56
2916 72
1391 63
2100 62
318 95
2146 60
1225 84
1246 80
8501 42
92|5
2572 52
2114 49
1015 43
2454 43
1801 50
93|20
736 73
1917 64
552 69
1721 74
539 77
480 83
1372 72
368 78
2355 74
1923 77
2193 71
2006 65
339 79
1097 80
1591 55
260 92
2968 79
1676 70
593 94
558 52
94|12
231 47
377 54
367 49
364 61
288 52
19 41
10 55
586 45
590 60
380 54
589 61
318 70
95|20
18 74
4878 91
6979 70
4732 44
3019 68
5246 34
32 93
2952 68
1247 89
1198 96
5283 61
3361 79
1513 64
2009 71
539 82
122 54
1584 81
1240 86
4262 86
5349 81
96|16
527 83
1094 61
272 69
3819 34
150 75
2021 63
2571 80
1214 73
2058 60
1220 68
733 68
2340 53
1721 64
2396 70
367 61
1291 76
97|8
4701 51
4306 65
3578 66
4993 70
4963 63
4299 51
3981 36
4161 50
98|19
81845 80
8961 75
122912 62
5299 62
63992 45
187541 35
56152 64
134853 75
69644 48
6863 65
5618 81
56801 39
3499 74
134130 77
74789 55
82461 57
1258 80
88810 70
79132 84
99|11
318 86
161 74
420 52
592 66
196 52
122 43
145 58
150 74
316 64
236 65
588 71
100|20
497 81
296 94
1393 76
95 67
592 78
605 52
6059 65
28 68
2245 63
62 82
4308 73
1777 72
838 75
2125 70
1288 86
234 55
1197 91
2005 76
4014 72
4623 67
101|13
2580 68
3285 52
2723 57
2700 67
2908 64
2390 46
3175 64
2395 63
358 44
2702 48
3394 40
2997 71
2502 74
102|12
158 47
588 65
150 67
592 60
253 63
480 64
344 54
539 60
553 65
593 73
586 51
223 64
103|20
86014 50
1954 84
60040 67
1968 83
77206 50
2161 76
1732 88
81834 87
608 94
2384 60
4254 44
104 77
139642 43
56782 84
2096 69
101 75
6534 56
374 48
60069 91
30793 67
104|20
4740 50
743 52
5218 76
8643 58
1288 85
47997 66
468 71
76251 73
8533 75
4018 65
38038 71
1566 69
7361 91
6060 28
3034 73
1641 77
4641 70
108190 57
616 74
7034 58
105|20
4788 50
69685 50
95311 50
95313 50
110586 50
141816 50
141818 50
170597 50
172587 50
172793 50
173351 50
173535 50
6433 40
4974 59
70286 94
108981 50
95175 50
69122 89
1243 79
3916 86
106|7
69844 63
72998 59
59501 48
86880 50
5349 59
53125 55
59784 55
107|7
231 51
253 61
590 65
165 61
434 53
208 50
318 75
108|16
800 68
6022 34
4995 79
2585 30
5316 48
4975 64
3978 53
5349 71
2926 54
4246 70
4878 80
4994 55
1968 74
1684 39
497 75
5380 59
109|20
380 66
1033 59
231 58
364 75
589 75
480 70
62 69
31 57
587 65
1032 60
586 56
778 73
540 47
256 52
163 68
252 64
223 69
553 71
537 51
168 59
110|11
26171 24
2468 40
1198 75
1089 73
1222 71
1208 73
4881 54
47 72
527 78
1193 74
2428 42
111|20
100194 50
162602 50
171251 50
2145 71
96588 74
65088 61
66203 55
84772 61
2081 77
91529 89
6365 74
45666 50
3255 76
1282 83
6539 86
86833 74
122882 81
59143 34
86911 63
5283 60
112|13
788 47
161 68
1917 50
16 66
21 61
208 52
434 55
39 59
3717 53
19 47
110 71
32 69
70286 64
113|20
4083 50
39 73
3168 70
932 58
2331 36
3359 65
1086 78
3504 73
1339 68
904 87
3546 50
4063 35
4062 48
1077 74
1589 65
2475 36
3831 59
46 57
1733 40
4007 69
114|7
141718 50
54001 53
2291 52
167732 50
122886 53
8961 55
3147 58
115|20
1580 68
2804 74
1387 78
2792 57
3146 46
3273 47
3052 70
2841 62
2719 39
595 76
2700 72
383 59
2027 34
2148 47
2770 57
3785 56
2916 70
3175 69
588 77
1377 59
116|18
2716 64
858 75
1299 62
62383 25
1339 56
1276 70
597 61
1029 55
1101 56
2797 62
2657 56
1961 65
1407 55
5995 67
1704 70
165 65
2115 61
8360 61
117|20
708 65
587 67
589 78
151 70
36 76
1036 74
595 73
288 66
596 64
48 62
315 63
454 73
353 71
474 71
10 69
60 62
805 69
491 57
616 66
485 58
118|5
1221 58
1625 50
153 42
1961 52
1810 38
119|20
95441 67
117176 77
1092 75
91529 94
74458 93
4387 67
79132 100
168252 90
44022 70
78499 94
122904 90
106782 94
442 74
4993 100
31685 72
6365 78
141004 31
4148 67
88744 78
8644 80
120|5
260 56
32 54
5 41
631 34
52 44
121|12
497 62
440 59
161 66
527 73
292 61
344 54
186 49
316 58
1 66
19 46
163 61
337 61
122|20
27660 81
69784 68
7022 90
148652 35
4816 85
56174 84
94959 88
81591 85
71535 93
30810 83
2997 97
1732 98
108932 88
780 87
1090 97
3253 84
106782 100
72226 84
1200 99
1214 97
123|12
68554 53
115569 64
79132 78
109487 75
1196 78
4226 77
296 81
7153 78
143458 50
47 76
96829 55
2858 76
124|10
56145 53
2161 61
260 77
175 63
1358 66
6377 72
4226 75
3147 73
608 75
1223 65
125|20
5088 50
86721 50
110330 50
54503 88
72011 81
162578 62
119145 89
176371 79
55247 88
1240 91
86332 82
68157 100
112623 69
4082 31
160567 35
3342 53
109487 97
88140 81
98607 50
81562 78
126|8
364 59
349 56
231 46
380 52
410 48
300 55
253 54
457 60
127|5
2915 39
903 46
55276 37
5060 44
272 43
128|7
904 68
965 47
926 59
1066 36
1721 56
1080 62
1198 69
129|20
4370 67
480 81
3698 65
2692 81
2138 61
1968 78
8368 82
653 67
7143 77
316 73
6874 83
239 58
2916 74
733 77
4896 78
2028 87
3977 56
3000 80
1907 74
31658 80
130|6
208 45
316 51
292 54
110 61
590 58
296 63
131|14
2273 52
6947 57
58559 72
908 68
4878 68
89745 66
7256 46
68237 62
2722 46
2028 71
48516 71
3178 53
64614 64
969 63
132|20
6251 50
3275 69
4995 69
2987 60
7444 53
3262 50
4168 33
31658 66
44191 68
1089 72
3967 62
5502 55
50 75
58559 74
5992 50
2108 57
1844 32
2657 56
47 71
2470 53
133|7
454 54
356 60
589 57
150 56
153 43
380 51
527 62
134|7
442 50
595 62
349 62
380 58
367 53
509 60
296 70
135|20
592 76
4084 54
893 38
3994 70
2004 63
608 88
1358 77
3852 57
3489 69
1614 57
1198 89
4128 70
1883 61
2302 67
1291 86
410 70
1261 82
4022 76
4881 65
1077 74
136|20
161 75
193 47
585 50
338 50
277 59
380 67
181 40
337 68
437 40
165 70
611 37
151 68
340 42
252 65
432 51
552 60
350 66
280 56
273 54
150 75
137|20
6787 76
2716 77
1198 88
750 88
919 77
1270 82
318 97
150 83
2997 80
1200 82
6986 50
7153 88
1242 81
110 87
33493 70
1197 88
2959 91
1237 74
903 82
7762 44
138|5
2707 40
1960 45
1959 41
849 38
3996 50
139|20
4025 38
7445 44
60684 47
4865 44
68319 36
7090 49
5502 42
260 56
8371 40
53953 39
58025 36
106782 52
6957 41
7163 34
3827 37
3624 39
52722 38
54259 45
4367 36
115617 49
140|20
5699 50
5299 68
1393 77
356 93
609 71
32596 54
4795 40
34072 68
1617 87
5256 29
5943 49
1084 83
4337 50
3108 77
43396 57
4719 50
1005 41
4321 68
5812 64
4259 45
141|20
5418 71
54503 70
4963 71
2478 55
71535 70
317 62
68954 77
54286 70
6365 62
54272 65
4447 59
5502 60
6377 75
6373 61
1265 72
91529 74
2502 76
441 70
1517 65
48516 78
142|8
434 53
384 23
588 62
50 70
527 71
356 69
337 59
377 58
143|15
1721 58
61250 35
6942 61
7169 43
8533 60
106696 58
3421 61
87232 62
78316 32
69069 39
59421 38
2144 60
96821 57
7173 50
500 58
144|20
589 79
541 79
8368 75
597 68
590 78
410 64
1246 76
527 86
356 83
500 66
19 53
2700 71
434 63
733 71
780 67
1036 75
5377 70
552 62
586 59
2081 66
145|5
344 44
339 50
380 50
318 64
588 53
146|7
7293 53
3257 42
32 63
1367 46
3686 41
410 51
47610 54
147|5
1234 48
168 40
552 40
555 47
2395 43
148|10
88125 64
5618 71
108932 61
81847 61
72998 61
5816 61
8368 67
7153 73
81834 67
4993 73
149|12
1097 53
1374 53
1831 33
1527 52
260 61
173 39
1206 58
1200 56
2021 48
1580 49
1391 44
1375 46
150|6
3 48
1356 57
5 45
95 45
733 53
1073 57
151|12
786 64
562 64
780 67
837 62
747 35
1265 73
828 44
1073 75
1 77
648 68
1393 68
1359 47
152|13
50 81
2959 82
116897 53
89492 64
1193 79
69481 70
85774 44
115713 69
111 78
92259 78
1234 72
79132 80
318 88
153|20
134853 47
1732 49
8533 44
4014 42
81456 18
106782 50
8528 44
6863 41
87194 18
2617 39
1246 49
106100 39
1954 47
7458 42
4226 52
89904 37
72998 45
133780 50
586 38
36535 35
154|7
114662 53
119145 63
81834 65
122904 64
106072 50
76093 64
77561 57
155|10
153 53
3286 27
1200 69
260 74
141 64
2355 60
2384 47
2948 62
432 47
2959 76
156|20
26313 50
31038 50
1230 81
1711 61
3341 52
6296 64
762 54
2361 52
2076 80
4784 29
661 72
2926 59
8571 50
47 89
3176 73
58 85
848 49
866 77
1485 65
923 84
157|5
785 44
3617 41
2720 27
2770 39
527 60
158|6
1093 50
2605 44
2872 50
2723 46
2428 36
66320 50
159|20
2959 75
60069 70
45720 58
597 60
4022 62
89864 57
49286 52
140110 46
84954 49
4447 54
1197 73
68954 70
6942 62
1961 65
106696 58
480 66
539 61
166643 49
40819 62
63082 66
160|20
126 33
1371 54
1198 74
196 49
3408 60
5349 62
3213 54
2408 38
839 42
3593 26
2748 26
533 48
1975 38
1676 57
3745 55
2011 59
733 64
3826 41
778 70
2840 47
161|8
4980 47
7247 47
47610 59
1223 61
38038 56
3429 49
2144 60
2336 56
162|8
150 69
225 65
168 55
50 75
300 65
266 63
31 54
62 66
163|5
1608 43
1810 38
1747 45
1777 45
1837 24
164|8
1036 65
2916 59
110 71
589 69
3527 58
1101 54
1201 68
2167 54
165|13
2353 61
3624 54
110 77
5505 50
5527 38
3256 60
5956 62
5418 69
5530 34
5450 39
1127 64
3409 52
5881 52
166|20
33794 81
1721 73
4011 87
5378 66
3481 77
49530 76
2353 71
47644 48
54272 74
8961 81
1198 91
2542 83
1036 83
608 89
434 70
5219 62
5418 81
2396 80
349 83
2324 88
167|20
33493 63
4886 72
778 75
3052 67
7147 70
6857 58
45501 45
6480 50
1682 69
2231 67
784 54
33794 71
2083 62
2413 57
6333 68
8961 72
2139 60
150 76
6773 64
35836 64
168|19
3730 75
1248 75
1201 88
1089 89
296 94
923 83
1222 87
5291 69
3543 66
1302 76
3362 80
1148 87
3101 66
57669 84
2076 79
1729 74
908 87
85354 37
80463 83
169|20
3536 75
2028 100
364 100
953 96
4886 94
5400 66
8644 83
524 82
2795 83
1022 83
3114 93
3967 88
1517 85
1035 97
8641 88
6365 81
661 82
457 100
3287 43
1416 68
170|10
318 77
296 72
586 50
377 60
34 61
592 59
277 52
500 56
266 60
588 64
171|17
485 64
1220 77
1025 70
801 56
1259 82
1079 81
828 48
317 69
869 38
380 76
1136 86
1225 86
661 70
318 98
47 86
1198 89
1208 87
172|6
3087 43
3578 59
7438 57
2072 37
3793 54
2762 58
173|5
10 49
329 48
586 41
597 48
588 52
174|14
553 67
520 56
224 65
648 62
161 70
317 58
158 49
780 61
315 58
485 54
282 59
440 62
350 63
10 64
175|5
531 44
8911 50
43904 19
38388 20
8362 26
176|8
165 61
434 53
39 56
368 58
380 59
780 57
47 66
471 55
177|20
42002 55
91542 73
6332 40
3668 66
45672 59
783 73
27706 64
2657 69
114662 67
1206 86
83132 46
5218 76
508 80
3114 81
1321 66
2176 64
8798 77
88140 72
2012 71
339 78
178|16
7361 82
527 85
2329 82
5995 75
6502 74
4235 68
1198 82
208 59
6539 74
296 84
349 75
10 70
4226 80
1240 73
2579 49
318 90
179|14
367 62
589 78
161 76
231 60
288 66
743 46
1061 64
317 62
786 62
592 68
671 64
296 82
434 62
364 77
180|5
1261 55
260 60
1748 52
1242 56
2140 48
181|20
157 45
593 76
596 59
353 66
539 63
516 53
132 39
169 40
25 67
31 55
542 40
6 70
707 51
185 55
464 43
502 37
415 44
480 67
592 63
344 57
182|20
4879 50
6969 50
3911 79
2728 68
4313 32
8042 57
1291 91
3113 54
3578 89
1590 63
161 90
4452 45
224 83
4980 63
4262 84
2353 75
2890 79
1127 79
541 91
6041 42
183|12
480 69
380 65
1196 75
2951 66
2534 22
4085 59
1287 66
2194 67
3247 49
1233 71
2662 49
1408 66
184|20
158035 50
181413 50
193565 50
97304 84
74754 34
168250 71
191005 50
106072 69
166291 33
127152 34
86332 79
80463 88
5816 82
122898 47
81845 93
5810 74
170813 41
174479 50
112852 93
148626 81
185|10
1685 50
2396 63
5377 60
1721 57
5952 69
1393 59
595 65
2085 56
4995 66
899 64
186|20
2605 70
1214 92
1291 96
3745 75
1269 86
2527 74
2532 59
4361 79
1307 88
2968 86
4306 92
2541 77
1702 61
480 91
1097 87
3977 63
919 87
3527 82
593 100
1196 100
187|20
26122 50
3949 82
49272 81
231 67
1206 85
6874 83
1729 72
1209 74
48394 78
6502 81
2701 46
4027 79
288 73
2542 82
7153 89
39427 36
6890 61
1222 85
8949 73
1748 77
188|10
2346 53
1212 68
594 68
1282 69
3469 44
2396 71
1091 45
3341 45
1264 44
2206 43
189|5
48516 57
4993 58
79132 58
2959 60
58559 58
190|14
6711 72
4776 66
8784 66
4995 74
5630 58
4306 73
30749 70
1221 78
4975 60
8961 71
858 81
8464 64
69844 71
7438 71
191|17
496 50
21 67
72 43
175 65
494 68
417 56
17 72
6 75
85 44
292 70
314 59
58 74
235 67
213 35
161 76
160 56
162 63
192|5
356 59
288 48
316 48
349 53
432 38
193|7
44555 57
55442 47
4878 59
6016 62
307 53
1270 59
5618 61
194|5
163 49
1396 44
1500 47
1288 52
5060 49
195|20
3424 72
2770 57
1041 67
1653 77
1923 71
3160 72
4723 33
1863 40
2336 66
2166 34
4308 68
1909 67
260 85
2028 84
3252 69
2908 70
1392 36
1365 45
70 69
190 39
196|7
70286 58
3578 61
59315 58
58559 65
364 63
1214 60
110 65
197|7
1513 43
1240 59
1882 31
786 51
2167 50
153 47
1784 56
198|20
3894 50
3499 74
920 70
1213 83
3949 78
1994 67
1485 60
2572 69
4019 68
1089 81
110 83
593 86
4128 66
1270 78
4886 75
1079 76
2117 61
912 83
1573 66
1682 73
199|20
5464 67
2165 29
2280 29
736 67
5673 67
349 76
5502 63
482 56
8532 50
1172 75
300 75
50068 64
4881 61
3175 69
7445 65
2973 66
34338 50
41997 66
1956 58
377 72
200|20
3809 70
7022 79
50802 39
3968 63
2485 60
500 76
5610 35
590 89
1029 71
53996 71
2572 77
4993 93
4041 63
57640 71
1302 78
1784 79
6383 52
1653 85
1569 73
1517 76
201|20
1748 78
1527 77
1584 76
2858 87
339 77
589 87
2717 59
994 64
788 60
1196 90
2797 76
733 78
1259 83
2174 73
1198 90
2455 71
1569 70
1213 89
160 63
24 66
202|20
3329 50
924 87
29 85
2289 82
1197 96
1196 95
2966 74
161 91
608 94
1209 79
1296 72
3194 48
1784 81
469 48
923 87
2000 81
1587 69
1719 77
3147 92
32 92
203|9
56174 58
8665 63
2407 53
5952 71
590 70
49272 67
40815 64
333 65
296 75
204|17
1136 82
3949 78
33794 75
48394 74
27075 50
1080 76
79008 55
6104 59
8874 77
81591 67
4878 79
91658 68
711 54
2313 63
86320 45
55820 75
5218 71
205|6
912 63
99114 59
91542 52
5816 54
95167 50
96079 56
206|5
36 60
608 63
733 55
140 45
141 55
207|5
2991 37
2428 27
2707 34
3740 39
100 31
208|6
1210 58
2628 43
380 51
2353 47
2278 47
2762 54
209|7
60684 58
1291 65
68157 67
74458 63
185029 29
122886 60
88125 60
210|20
123553 50
34405 86
166203 50
3147 92
31696 72
7649 43
58559 96
2105 73
6365 74
34397 50
4625 37
84772 61
122926 78
76093 87
62836 50
33493 76
1584 81
47610 79
108932 80
122918 82
211|18
58559 83
63113 63
90405 55
57669 76
60684 70
7153 83
73017 71
2105 63
4367 54
356 84
2642 43
1556 31
318 91
44665 71
85414 67
1198 83
1136 80
260 83
212|20
170697 36
122920 68
122892 64
2571 86
5218 72
48394 75
3578 80
1196 85
135143 63
74795 52
179401 48
79132 85
77800 46
108932 70
110102 70
96821 67
8874 78
65261 60
59784 66
2291 72
213|17
3285 58
87520 41
80363 44
76251 70
8957 61
2860 46
1234 80
5419 55
51935 71
69844 79
39446 49
4132 40
858 89
69526 47
4558 48
49530 73
58559 87
214|5
83 50
628 46
743 31
1363 27
802 45
215|20
1172 75
4973 84
63082 76
1291 80
2028 82
3252 68
3210 66
1968 73
1247 77
49272 76
1089 81
72407 44
5650 57
318 92
1208 81
2000 70
1197 83
1196 83
1297 64
4019 68
216|20
104 72
21 75
3996 80
3946 40
2946 51
3993 46
3897 80
2599 76
34 77
3994 69
4034 81
3363 77
1965 67
3422 49
3555 69
3253 70
2087 72
3986 53
2018 68
1923 74
217|20
1867 50
3434 50
1275 67
2468 43
3197 43
1912 67
2302 59
1876 54
380 68
1221 78
2471 45
1918 52
1385 53
3165 27
1590 52
1562 41
1703 38
2056 50
1831 44
160 56
218|6
2657 45
2692 54
1380 44
1198 59
6934 43
5349 50
219|20
60072 55
2115 69
59315 73
6539 74
442 60
30707 74
1704 79
180 63
1219 76
1005 37
27773 72
56156 46
6188 63
6721 49
30825 57
2997 75
1552 57
1500 69
2890 68
1921 72
220|20
3996 84
733 80
1198 92
3994 72
6539 84
1258 88
1917 65
4545 64
33794 83
165 83
71264 70
4623 68
53464 52
5218 78
6365 72
3751 76
32 89
1036 85
5502 69
1591 55
221|20
4338 50
7013 61
8529 74
1080 90
3246 79
2871 86
1208 97
7063 68
2702 62
4029 72
5954 81
2352 80
922 90
2997 91
1278 92
2858 97
1212 85
1959 73
1961 89
3671 88
222|20
81831 50
100498 34
48516 79
1249 73
99813 49
91529 75
59900 50
93287 40
1721 65
2706 64
3273 46
2411 50
64622 49
7143 70
87869 61
778 76
30825 56
42011 39
673 52
64839 67
223|15
55854 50
6711 63
1 65
736 55
1961 62
457 67
2716 60
48394 61
608 68
8784 58
48516 68
3863 50
4306 64
260 69
2683 52
224|11
3496 50
3044 54
356 77
2915 60
289 49
3668 56
1270 72
2797 65
1721 62
2716 67
1259 71
225|15
2423 61
1285 69
588 74
1717 54
2791 72
1321 59
1136 78
1197 81
1753 57
2004 57
2371 54
1407 61
785 62
1060 67
3024 42
226|20
6938 50
32666 50
3552 77
542 48
1240 81
3098 70
2804 80
3668 65
3653 38
2231 76
145 67
2253 50
3052 75
2628 65
762 53
53129 55
4816 72
16 84
2144 76
46948 51
227|19
46976 74
52319 46
81845 83
109487 83
134130 80
215 72
48738 74
47099 77
1196 87
32587 77
912 86
55721 61
1682 76
750 88
778 82
40629 68
97913 71
70286 78
150 83
228|5
2571 64
1373 41
362 53
318 70
3113 36
229|13
34 68
589 76
377 67
45 61
587 65
5 57
475 73
442 57
597 65
364 75
213 34
110 78
527 82
230|20
34330 50
52715 50
47 65
7438 61
527 71
3147 65
45499 50
6537 48
2291 57
1387 63
6863 52
1485 48
595 62
4022 58
2096 49
588 62
4034 61
1676 52
8644 53
2641 48
231|5
92259 58
858 61
593 61
1198 59
109487 57
232|20
31867 50
41769 50
57526 50
70336 50
8644 74
1586 62
44972 43
4019 77
43928 38
30883 27
65802 48
8376 70
39292 76
1035 87
66198 31
66097 80
32011 42
6564 48
7451 80
33164 36
233|20
48394 67
3751 62
48516 75
1721 61
356 77
106100 56
162600 26
608 75
7153 76
134214 38
57669 70
122920 61
2329 76
4239 64
7371 64
3977 48
3147 73
3948 60
49272 69
5418 68
234|20
2616 61
2140 74
172 61
126 41
1562 47
4519 50
153 66
2710 61
3624 64
3483 55
1391 67
438 48
1460 31
2987 75
65 52
260 92
1359 53
3175 76
588 84
2080 72
235|13
480 67
736 59
500 60
454 67
592 63
235 62
595 67
32 71
527 77
648 62
223 66
588 67
377 63
236|30
1214 50
1278 50
1345 50
1350 50
1387 50
1388 50
1982 50
1997 50
1998 50
2447 50
2459 50
2490 50
2496 50
2502 50
2505 50
2542 50
2572 50
2580 50
2596 50
2598 50
2606 50
2657 50
2683 50
2694 50
2718 50
2770 50
2806 50
2858 50
3024 50
3052 50
237|10
32 67
4254 32
94959 57
293 66
1371 50
1193 68
7361 69
7980 42
43936 41
1374 60
238|9
4954 50
3528 36
4265 36
4901 54
4238 50
593 74
4499 57
4957 23
1193 72
239|20
58559 93
5459 62
4085 72
380 79
95 68
7445 72
608 92
7147 82
6378 77
2115 78
4896 81
36529 77
3994 72
33679 69
47 90
590 88
4022 79
208 68
733 80
51662 79
240|20
368 76
543 70
480 81
367 70
810 40
500 73
546 43
110 89
173 58
1 85
542 48
104 73
34 78
174 46
204 59
225 80
383 63
262 75
434 69
420 59
241|16
81786 50
71899 58
527 84
1206 77
1193 79
99114 74
100714 31
8981 60
53123 55
116897 54
56367 70
3910 65
106782 76
115569 66
4235 67
48780 74
242|7
39 53
380 56
231 49
457 64
592 56
454 60
111 64
243|8
112 56
353 63
62 64
588 65
193 42
586 51
181 36
376 57
244|19
3090 49
1049 61
110 81
257 55
165 73
151 71
1090 74
3755 60
2278 65
648 68
1580 66
1957 60
1610 73
1196 81
3256 63
1573 64
1242 75
3753 66
2243 63
245|5
3196 33
2739 38
3114 46
3274 36
1361 32
246|20
1304 95
616 81
1680 80
6016 98
3081 78
44191 91
60684 84
4973 100
1732 92
1298 77
53125 77
2291 84
2692 91
293 95
4011 96
5013 81
60069 96
48082 73
82202 48
95167 78
247|20
48516 78
593 81
2858 77
49272 72
1961 71
44191 73
527 83
116797 75
68358 71
122886 70
480 72
223 71
1265 72
2078 68
1198 79
1682 69
6377 75
1089 77
953 73
919 69
248|11
4886 68
1198 76
166528 64
176371 60
316 63
147374 33
102903 55
189333 27
122912 57
58559 76
5218 64
249|20
110350 50
102903 74
2167 78
94959 85
84601 58
2395 83
97306 73
3408 83
89047 50
91500 82
91542 83
40815 89
69844 92
904 100
46723 79
3826 57
68791 72
88812 52
67695 35
50 100
250|6
1282 57
2407 48
318 73
1597 47
1246 61
8880 39
251|5
142115 22
293 60
356 64
318 70
1089 61
252|8
164179 62
89745 68
6377 69
164909 46
1682 64
166643 50
143355 49
78499 69
253|10
44555 73
916 69
608 80
2300 72
7099 67
4217 26
26366 50
1192 40
4642 58
3363 70
254|20
46578 79
44195 77
207 64
49278 62
6333 74
780 72
110 86
1210 85
49272 79
27846 59
32587 77
2571 87
44929 29
47 84
293 83
1580 71
5995 79
32 84
592 74
48394 76
255|9
1270 51
4467 39
2023 43
3501 21
1663 45
1394 48
3392 25
2542 50
2915 42
256|20
3247 62
88744 74
377 82
4973 96
53972 72
118696 68
95441 64
104841 78
71535 85
2953 57
81229 70
53121 61
30707 87
2571 97
68791 67
170 72
6942 81
90405 63
6537 68
33493 76
257|5
1500 44
594 45
2502 51
494 45
2406 42
258|5
4995 57
7147 54
72641 50
76093 55
47099 53
259|6
508 46
5945 36
1784 44
4886 46
1356 48
1584 43
260|20
7361 89
3556 72
162 70
903 83
5690 71
6337 44
4878 84
5617 73
342 68
5219 60
2997 81
8011 46
1206 85
3317 70
6709 58
8874 81
2348 57
3822 45
2959 92
8645 53
261|11
3897 67
16 69
2060 48
296 76
2723 54
1682 64
4085 58
2194 65
7361 74
4238 51
58559 74
262|12
708 55
539 58
457 67
322 43
339 59
85 37
26 46
17 62
213 30
273 47
593 70
728 43
263|20
223 80
150 85
500 72
2987 73
2953 53
110 89
4226 87
8370 65
1197 89
7458 70
708 72
1111 45
2125 68
6942 76
5013 73
163 78
457 87
8636 77
1967 76
2085 71
264|12
7841 24
1376 56
151 63
5816 61
1907 61
1320 52
1917 51
150 68
3578 68
1090 66
253 64
1876 49
265|20
3807 50
316 68
253 73
1302 68
724 56
1240 74
3504 68
230 64
3831 55
1956 57
3098 64
529 72
1270 77
3791 52
1177 43
2322 47
1488 53
2474 55
1198 82
1962 65
266|20
476 50
2812 50
2700 71
2278 66
24 61
2770 56
2702 51
64 38
1405 54
2580 72
1527 71
2167 62
457 80
1580 67
2300 74
1923 69
2094 61
132 44
2571 83
2097 49
267|12
2858 75
593 79
1175 65
3006 64
1302 64
3999 44
3113 45
1093 61
589 75
2571 78
923 71
3996 70
268|20
1641 67
587 66
1125 63
1911 49
2802 51
1036 72
1370 62
50 80
2064 68
1784 67
1912 67
1966 46
454 72
1234 72
2247 48
1394 70
2829 42
802 65
260 79
2858 77
269|6
724 45
743 38
95 48
1 62
63 33
648 55
270|8
661 49
62 56
79 41
628 53
14 50
1356 58
141 54
25 56
271|9
3897 62
32 66
2791 61
969 60
6787 59
2858 66
55765 60
1320 49
2288 60
272|7
177765 47
1240 59
51662 56
122922 52
49272 60
158238 49
6365 51
273|11
440 65
593 79
500 63
608 76
223 69
111 76
150 73
21 66
466 52
235 65
520 59
274|20
50147 50
2947 80
3037 82
1645 71
4951 54
2036 40
1359 53
35957 58
553 83
76293 57
3918 54
1503 29
45431 64
4816 73
54999 60
5667 50
4876 49
56805 48
1921 80
54004 58
275|20
1784 86
2289 87
5884 50
1171 71
357 87
1912 85
2539 71
235 85
4886 91
2572 83
2355 82
3253 80
1192 50
926 86
111 99
2100 72
3089 82
1393 84
1719 81
1392 43
276|9
673 48
356 75
466 50
104 61
631 46
648 62
2 60
1367 52
344 57
277|6
637 48
736 51
656 35
1 61
780 53
260 65
278|5
2371 39
1347 41
4002 47
318 64
2369 35
279|20
134130 76
1101 63
166528 70
90405 55
61132 66
79132 83
56782 74
97913 67
1608 62
4226 81
59315 74
88129 68
54286 73
1258 79
8665 71
58559 83
4993 82
8376 61
107406 61
1200 77
280|20
92535 66
344 73
262 80
3146 52
4239 81
4447 71
8638 69
919 83
72641 78
86817 32
8368 88
49530 80
6863 73
35836 77
55052 67
54503 83
4246 79
48516 94
1911 59
3916 78
281|5
46578 48
8361 36
35836 43
3897 48
3861 33
282|20
5995 85
3977 58
3263 59
25 83
6708 74
2683 69
4718 62
6711 85
5481 61
6863 71
5669 79
3752 67
588 84
80463 84
1921 81
1193 91
4369 64
48322 49
1194 63
784 63
283|7
1580 50
39 50
1704 59
356 62
586 44
2082 37
805 52
284|18
474 73
173 53
2 67
296 85
15 51
348 66
248 60
318 91
47 80
353 73
275 35
44 50
339 71
367 64
276 63
165 74
637 62
235 69
285|8
1193 68
949 41
1247 64
6978 32
113207 50
4447 51
441 61
296 71
286|20
454 74
778 76
5989 74
1333 67
165 72
500 65
7438 73
2294 58
4993 80
4995 76
7361 81
70 65
4980 53
1258 77
4963 72
1097 71
4848 71
539 69
377 69
110 80
287|20
3160 57
3578 63
223 60
2633 30
1059 56
586 48
3005 45
532 46
1193 67
2599 57
2028 66
1485 48
3826 38
2081 54
8949 55
2012 53
101 53
4034 61
2422 28
2115 57
288|20
4473 50
4966 50
1008 50
2867 58
42015 36
141 75
2571 87
13 55
53519 61
2407 63
5418 77
3916 71
2347 31
2528 61
30810 68
575 51
32587 77
587 72
2517 47
8361 59
289|24
3 50
16 50
235 50
266 50
594 50
708 50
750 50
1080 50
1101 50
1208 50
1220 50
1258 50
1917 50
2012 50
2174 50
2710 50
2797 50
4322 50
6125 50
6327 50
6453 50
7025 50
7028 50
26704 50
290|20
1228 90
1299 85
2494 35
2739 74
608 99
2130 63
908 95
341 50
1447 48
342 77
1056 59
1719 80
953 91
928 82
1394 88
2648 70
475 93
2731 73
1357 85
2385 37
291|7
40815 59
122892 52
106489 50
134853 61
7153 68
88125 60
1 65
292|20
520 65
103339 42
122900 67
4896 75
2291 73
474 76
85056 45
46972 57
95167 67
164909 53
3176 68
3476 65
1608 64
31221 36
1101 65
3985 50
3984 64
1017 56
69844 77
231 64
293|5
1682 46
1673 47
344 40
1617 50
1097 46
294|20
416 36
3869 59
1064 50
2794 43
610 62
2133 54
1391 55
3868 59
1129 58
520 57
3387 37
355 41
2378 49
3693 35
785 58
2193 58
2367 46
2458 39
348 61
3501 30
295|9
1221 67
3198 51
1287 59
1213 67
4351 46
1198 68
858 69
318 75
2329 68
296|6
160848 50
2028 59
169034 50
4144 46
50 61
2324 58
297|15
832 49
543 48
1645 47
111 60
454 56
1089 60
6 58
1249 56
1047 45
1370 49
1488 39
150 58
170 46
1092 46
866 52
298|20
57640 52
95510 50
6811 32
8370 49
8807 52
63131 51
6881 36
3785 45
122900 53
103042 47
6294 35
2167 51
2005 56
6006 38
653 51
55995 36
3018 44
69757 56
103772 47
3825 43
299|5
3793 53
1387 57
188 43
1198 61
1214 56
300|32
318 50
356 50
527 50
593 50
1172 50
1704 50
2028 50
2324 50
2329 50
2571 50
2762 50
2858 50
2959 50
4848 50
4973 50
5995 50
6016 50
6711 50
7361 50
8950 50
48394 50
56174 50
63082 50
79132 50
81591 50
92259 50
99114 50
109487 50
112183 50
112290 50
112552 50
112556 50
301|20
21 64
357 64
2490 61
6711 69
589 73
8949 62
837 58
3948 59
364 73
527 79
5989 69
4963 67
608 74
292 66
3578 71
3897 68
4226 74
3753 61
1393 63
1792 51
302|7
480 60
14 53
3 52
25 60
648 56
707 45
110 66
303|11
5378 52
3703 64
1127 60
5544 32
1196 72
3471 61
1580 59
1394 64
2683 54
920 60
1358 62
304|20
314 68
2571 92
2433 55
10 79
1376 71
480 83
1373 59
1777 72
1270 85
1517 74
151 79
356 92
208 66
474 81
1214 84
1375 70
640 51
1722 65
185 68
2701 47
305|20
74624 50
140627 50
87869 76
919 86
1197 99
106100 73
138210 48
788 66
7482 75
80590 39
103075 41
903 92
6537 70
93840 81
54736 60
592 85
2288 87
58803 76
55276 75
1272 93
306|20
5784 41
68954 82
69644 49
6377 80
95543 45
81847 70
111743 50
85367 45
168418 46
167018 38
72998 71
122904 76
69406 61
85788 33
4963 76
115664 30
134368 63
112852 81
161634 44
133419 52
307|20
2190 50
4181 50
31424 50
49314 50
5010 67
7845 39
3392 36
1220 68
6793 33
6483 17
2332 21
56003 26
1991 45
3273 44
4876 42
3421 66
1409 45
413 52
4447 58
52867 50
308|20
2959 54
45517 38
96821 41
72998 43
318 57
2 42
904 51
589 50
8961 47
56152 39
56367 45
5618 50
36 49
410 40
79132 52
4993 51
8464 42
1221 51
2248 44
6 49
309|20
2202 51
1645 66
898 81
1682 74
296 88
1089 83
1269 74
7153 86
6947 68
8340 54
1104 77
7218 50
25886 30
1219 79
8154 44
971 60
1944 61
6365 66
1262 79
2762 79
310|13
6863 58
6947 60
1101 58
6503 41
2524 49
2457 45
5899 32
733 65
246 71
3254 55
1223 65
1080 68
2671 61
311|6
6561 50
5992 30
1517 36
6461 26
1407 33
2706 35
312|20
5816 77
1375 70
3499 81
589 89
2454 63
1358 79
4878 87
4103 62
3793 80
2028 91
1371 67
4121 59
2366 73
2747 55
4105 71
5446 52
2699 62
2529 80
1350 73
1356 86
313|20
4980 56
170 64
3917 57
2455 68
5544 38
541 82
2193 66
2000 72
6 81
1968 75
1089 83
1301 63
1240 77
3175 70
4865 67
2005 71
2167 65
1375 65
2087 69
2530 51
314|20
7 56
1042 52
44 43
165 64
457 70
293 69
597 60
329 60
442 52
26 48
830 47
728 45
618 50
107 55
536 24
10 62
1376 56
153 51
208 52
150 68
315|7
1262 59
2729 39
2529 56
2067 56
2553 34
909 53
902 55
316|11
1748 59
253 61
3968 46
158 45
5445 59
3751 56
7438 62
6874 64
48 53
3882 42
2572 56
317|20
133115 50
73321 60
91529 79
74545 52
7445 66
1213 84
48774 76
4262 75
1884 74
5989 78
3578 80
4011 82
68358 76
1208 83
72011 68
3897 77
3499 74
96829 59
116797 80
56782 75
318|20
26713 50
81191 50
90245 50
111817 50
127180 50
145080 50
150696 50
7445 79
1090 93
116799 56
82459 82
48385 78
2294 73
64839 85
88125 89
109487 97
4021 59
33794 91
54286 89
89753 63
319|7
115617 62
6377 67
356 72
136864 35
1221 71
122904 64
110 71
320|5
72998 47
71535 49
31184 24
59315 50
1013 36
321|12
587 61
356 74
160 52
592 62
597 61
780 60
339 63
355 40
410 57
3 58
500 59
457 71
322|20
2882 24
1968 65
2542 68
58559 74
2788 64
2146 51
2617 54
2918 65
778 70
2599 63
4027 65
4993 73
1230 65
51540 61
1 70
1617 70
1923 62
4010 39
11 65
1035 68
323|20
377 62
480 66
356 73
1094 56
161 69
115569 59
1198 73
29 65
551 61
22 56
318 80
112183 53
253 64
111659 43
3257 47
260 73
150 69
329 61
342 56
266 62
324|5
2764 35
3972 40
3864 20
3949 48
3897 47
325|20
2848 50
235 77
2986 58
262 77
1573 72
2596 60
1584 77
1217 75
1676 70
4714 28
3770 44
3261 59
2894 50
2155 58
1279 60
1614 59
3994 72
2268 79
2915 72
5008 65
326|20
8665 78
47610 76
20 53
2858 89
86882 71
5418 82
4973 92
133771 55
48774 82
2324 89
1293 76
2692 84
72605 47
70159 40
54286 80
5446 52
6591 52
4226 90
105844 69
31410 75
327|10
3301 60
150 72
858 78
1923 64
51255 69
48516 75
1304 72
765 51
6888 34
2706 60
328|20
2687 56
112852 69
70286 65
1196 73
457 71
364 71
80463 66
3489 57
318 81
595 67
5349 61
2542 67
1219 68
35836 59
3751 60
79091 60
7153 73
596 59
2398 57
1148 70
329|5
130482 50
136850 50
858 43
1884 37
750 42
330|20
5378 60
316 68
1639 70
2918 72
919 72
3949 76
3535 71
5349 69
380 70
1676 63
2502 78
3703 73
1682 71
2683 62
1206 78
1721 66
2791 74
2081 66
8874 75
592 70
331|20
8874 78
6157 49
88125 74
6539 77
3897 77
4446 63
7361 85
50872 76
4995 80
4306 79
6874 79
5502 64
3911 71
608 84
4447 63
593 87
3751 70
8665 73
4367 55
2959 88
332|20
47 83
1653 79
1258 82
316 71
8983 66
431 75
97757 50
2291 73
1835 62
356 87
5502 64
4308 69
1203 83
1682 75
1249 78
76251 69
2905 41
318 95
2294 62
32 83
333|5
3785 35
3752 38
3616 32
3615 35
3646 24
334|20
55820 70
1196 78
1580 64
1291 75
3996 71
589 75
30810 61
4027 69
1 74
64957 62
1625 67
50601 39
44195 69
27416 27
6867 54
2997 71
293 74
480 71
5378 57
51935 64
335|6
780 50
592 52
356 61
296 62
2699 41
2001 44
336|12
1267 71
1 75
38798 37
33660 63
1784 67
2001 57
2268 69
293 76
1625 69
4886 71
50 81
150 75
337|16
318 95
47 83
16 79
805 73
1393 72
266 73
667 47
168 65
784 58
65 49
110 85
708 69
25 77
1356 80
277 64
786 67
338|8
189111 50
190207 50
190215 50
190219 50
7153 62
593 64
187541 26
185029 27
339|20
72641 79
5445 83
84152 85
96079 84
106072 68
69122 82
5617 79
41285 72
56869 50
48322 52
65216 61
91630 74
86504 55
91529 90
83613 56
4993 96
3470 54
102407 71
2028 95
5952 94
340|28
10 50
110 50
150 50
153 50
161 50
165 50
185 50
208 50
253 50
288 50
292 50
296 50
316 50
318 50
329 50
344 50
349 50
356 50
454 50
457 50
480 50
589 50
590 50
592 50
595 50
648 50
780 50
1356 50
341|11
2335 54
3624 54
130087 26
1370 61
135137 37
117529 54
5459 51
45672 51
1 73
47099 68
4025 53
342|14
2683 56
2598 46
2881 51
2369 45
1268 46
2605 52
2599 63
1198 74
3157 46
3826 41
2428 42
2827 35
3863 54
1959 55
343|12
858 81
3000 71
48394 69
4226 77
4878 74
3993 41
2571 79
1617 74
31658 71
55363 54
55820 70
296 81
344|14
111362 62
380 63
316 61
2628 54
4226 73
2571 75
4014 58
2012 58
4034 67
260 74
2541 57
4973 74
5418 66
2712 60
345|13
1019 63
2539 58
926 71
5902 75
8810 48
344 63
5707 26
2366 66
56949 59
3649 40
6658 38
3489 64
412 58
346|20
3174 69
778 83
608 87
6711 81
6286 43
306 73
7323 67
307 74
3535 76
1212 75
357 75
3949 81
714 66
7937 30
7396 56
5878 66
1120 70
1131 65
3627 44
7115 40
347|9
434 54
590 67
39 57
150 66
454 64
380 60
587 58
317 54
457 68
348|11
318 91
2324 80
4368 38
1213 81
6016 81
2959 85
6893 56
4973 82
1221 81
1960 66
2019 78
349|8
10 59
161 65
589 66
381 50
349 62
231 51
588 62
509 60
350|8
852 52
7 53
637 51
648 57
733 59
12 37
858 70
661 53
351|20
88932 50
87222 67
73344 47
52579 31
2231 77
88744 70
43836 49
79132 91
597 76
58559 91
12 50
8914 70
8950 79
63082 83
6214 61
90376 46
84152 80
480 83
4878 86
1193 90
352|20
72998 78
71745 53
1801 74
34319 68
2600 77
65682 57
1080 84
79695 60
110730 41
38038 73
130490 48
97752 72
1214 86
94864 67
41566 74
56587 62
44191 86
114935 62
59315 83
47610 77
353|18
552 60
25 71
267 49
216 64
367 61
288 65
144 54
186 55
333 70
266 67
112 63
198 60
234 48
145 59
293 75
158 52
163 69
296 81
354|20
1610 77
4306 80
2692 79
3147 83
47 84
903 81
733 75
3977 55
1225 84
35836 70
648 72
44191 79
8665 74
1917 61
7147 76
1923 73
589 84
2959 90
4718 58
1196 86
355|6
316 52
1580 52
3035 44
3175 52
317 49
916 54
356|20
2248 80
52435 69
52975 69
7122 50
44889 50
1641 81
2706 76
4011 92
802 79
7323 72
2502 91
56367 83
1223 81
55118 77
3949 88
3996 86
1246 88
1466 81
223 85
7153 95
357|20
4354 50
8998 50
27329 50
2804 83
595 86
529 82
4663 31
4091 46
1224 77
1242 87
34 82
208 68
58559 94
6296 66
30793 66
1042 68
2100 67
551 78
471 75
2067 81
358|9
26095 50
605 39
5066 47
52328 49
2226 50
42728 36
7361 68
69844 61
36525 35
359|15
405 42
1092 55
1101 57
51412 42
648 62
296 76
1097 64
2396 65
2424 54
593 76
2701 38
2942 43
1682 64
2530 44
4995 69
360|5
1422 25
1620 35
1488 36
1711 38
1414 34
361|20
47099 63
1580 59
377 62
1552 50
49272 66
1263 64
53125 56
589 70
49822 44
8360 60
318 80
2529 62
5218 61
6188 56
2422 30
3082 53
1732 67
1370 57
46972 48
7458 56
362|20
1945 78
592 77
6539 81
51540 74
5989 82
637 67
70 73
7153 90
1252 87
44665 76
407 54
6874 84
2959 93
1196 89
1208 87
8961 81
48516 88
7438 81
356 91
1201 86
363|6
1552 41
1732 55
1517 48
296 61
653 45
318 65
364|5
858 61
9 43
783 48
376 48
1 57
365|20
59315 63
81229 52
128975 32
6874 66
90345 36
158872 39
129354 40
103075 29
135536 41
70286 63
112852 67
76077 47
112818 30
1777 56
6502 64
155820 20
541 68
95720 39
93270 30
135569 50
366|7
116797 61
59315 58
33794 58
91529 61
2028 64
122882 56
7438 59
367|20
926 82
3061 60
1270 90
1287 83
486 39
3536 69
3824 52
2384 61
3072 77
898 91
3618 62
3225 37
2248 81
3157 60
3969 75
3717 71
1259 89
4023 63
1196 96
1258 92
368|20
3753 64
2112 46
1944 56
2986 50
3869 62
1214 72
2947 68
415 46
3035 55
832 63
50 80
2819 59
1801 62
2490 64
1917 55
1391 58
2193 61
225 70
161 75
2881 54
369|20
1256 62
785 62
47 78
2706 64
839 46
377 69
52973 66
743 46
4214 50
5418 72
3863 59
1372 64
27904 63
60069 78
2857 53
1967 69
150 77
2011 65
1580 66
3174 64
370|19
4011 73
4878 71
8961 68
6377 71
2628 55
1748 66
2116 51
589 73
2329 76
7438 68
3977 48
1676 58
593 77
4973 76
4226 74
1240 68
1089 73
8636 66
2716 66
371|9
2571 78
112512 50
1258 74
4090 48
56715 45
3000 69
4226 76
4993 77
1748 67
372|20
335 50
924 76
318 91
1603 46
1479 61
589 80
81 55
387 33
616 68
337 72
1220 71
1201 79
165 74
1243 62
1258 79
377 71
1401 33
450 44
1206 79
1306 38
373|20
216 58
60 55
169 38
350 60
585 46
44 43
371 54
163 63
616 59
198 54
265 62
25 65
6 68
733 62
47 69
2 58
736 57
305 38
357 61
141 62
374|7
296 68
208 48
1219 61
480 60
592 56
1258 63
1339 50
375|7
344 51
1027 46
32 65
2628 49
3256 52
4226 66
500 54
376|20
91535 58
2002 60
1214 81
1101 67
2916 74
33794 79
1198 88
349 80
1371 64
376 70
1240 79
1375 67
4993 87
858 90
457 86
4226 86
5952 86
344 67
2763 74
2797 74
377|20
4942 50
2793 46
1262 90
2791 88
748 70
1345 76
5027 47
5113 33
27692 50
3421 83
6021 50
3364 42
2072 59
8641 83
2163 43
92760 50
2858 96
1503 31
2124 72
2015 62
378|10
33794 67
7153 75
48516 73
3114 67
858 76
68954 72
91529 69
71535 66
90600 40
364 72
379|8
318 70
377 55
19 42
292 56
480 58
367 49
597 53
344 49
380|20
60818 50
172875 50
172881 50
172887 50
355 57
6979 76
5476 31
2735 58
68194 37
63433 39
72356 53
105731 33
1833 65
551 87
6731 63
27831 83
1665 66
393 55
140956 49
2791 93
381|20
2085 72
1088 69
3253 71
185 67
317 70
27808 58
1240 80
19 59
3753 73
4321 66
72011 72
3082 66
333 80
2140 72
1385 61
2273 65
1208 87
457 88
104 73
2716 78
382|20
1204 97
142372 31
135532 40
1201 96
112171 63
1198 100
912 99
81847 83
4638 64
63540 37
1681 41
170289 50
103042 70
72737 73
2496 71
357 85
81537 58
59501 69
101362 52
4890 67
383|7
2436 41
2541 52
2496 48
1584 57
2558 31
1246 63
903 63
384|14
3527 60
1388 46
2683 55
2502 70
4333 40
3098 58
4396 41
457 72
358 42
968 60
2724 50
296 76
3991 43
1204 72
385|20
736 65
1080 74
249 64
1219 76
1036 75
1136 79
282 66
1073 76
1200 76
1228 74
1022 65
1007 45
1201 79
1246 76
344 63
589 79
1023 58
1287 71
594 69
1303 68
386|14
110 61
410 48
112 49
165 55
223 55
648 51
185 46
608 61
485 44
305 32
44 37
585 39
349 56
10 53
387|20
4393 50
5156 50
5780 50
7336 50
26124 50
40966 50
2712 73
5062 31
1247 84
5489 50
4195 40
7132 64
2946 52
1387 84
3000 82
51939 48
4995 85
912 90
7938 50
1783 42
388|6
6158 50
63239 50
33615 47
86298 34
62999 45
8360 52
389|7
17 64
140 50
628 59
762 41
743 40
95 52
32 68
390|17
6344 50
64957 66
4239 70
5220 42
1193 81
2571 83
9010 44
2291 70
5296 44
4226 81
7254 67
6377 77
63062 53
1206 78
2329 83
4014 65
1784 70
391|20
5575 50
500 73
3994 70
1213 89
516 64
199 45
4027 80
150 85
1408 78
4014 71
1527 78
1059 75
2916 75
4973 90
357 77
555 81
5026 65
4936 57
1210 88
3067 59
392|5
3004 30
2858 57
707 41
1198 59
1125 47
393|20
91658 65
102125 64
48394 71
36517 53
8636 70
110102 67
44199 67
5388 59
54259 65
4848 71
5669 69
1291 77
68848 35
86190 54
2571 81
1206 77
122892 61
106642 51
1625 70
106489 60
394|5
588 49
316 44
344 41
225 47
457 52
395|13
329 58
1025 54
296 71
160 49
208 50
173 44
485 50
355 37
520 52
595 63
126 31
48 53
367 53
396|6
1276 57
1597 42
1777 46
44 36
204 39
2081 48
397|5
4017 43
8645 36
1701 38
8228 45
6993 43
398|10
6408 50
1197 74
5971 65
7022 63
1198 74
60069 71
2455 59
1136 72
48516 73
82459 60
399|8
1198 64
110 64
5445 56
1196 64
593 66
480 59
1270 60
2194 57
400|9
608 73
356 75
2571 75
2959 77
7153 74
1221 73
3578 70
858 76
59615 48
401|15
5952 77
6297 58
55768 50
48982 45
166461 52
49274 39
50872 70
32031 52
79091 65
170939 50
38038 61
8360 65
3114 70
33615 58
1136 76
402|10
1084 66
597 61
52 58
329 61
296 75
586 52
315 57
1036 67
434 57
527 77
403|7
110 67
2427 52
3210 53
296 69
61465 22
1663 56
180 52
404|12
204 47
349 66
474 64
34 63
364 70
508 64
105 53
593 74
509 63
277 54
315 56
185 54
405|20
70708 50
293 87
7254 74
37731 58
2959 94
345 73
1213 90
7134 50
64614 81
6023 31
1241 56
2329 91
1247 84
3052 76
68237 79
1199 85
27592 49
27664 29
3418 72
1215 85
406|5
1586 34
135 36
56949 36
46972 34
724 35
407|5
7153 57
2959 59
6539 52
1240 51
54286 50
408|20
1198 95
122904 85
44840 55
165101 39
6618 73
1291 91
1210 94
89745 87
1278 88
7324 62
44 58
8641 81
115210 70
103596 31
68554 64
2571 96
109487 91
63131 72
80489 78
4649 56
409|20
2485 58
2490 74
2028 89
3812 60
1278 83
2997 82
296 93
1078 58
3016 59
1073 83
2683 68
2289 77
3846 43
912 89
2013 62
1911 56
2352 73
1230 80
2541 70
3174 71
410|20
389 50
3224 50
318 100
2302 72
4002 77
1060 79
4297 33
3263 61
1859 41
111 93
58 89
2145 71
3255 76
2321 75
3504 79
3948 75
11 85
4019 78
3 75
597 80
411|20
508 70
261 72
586 57
432 51
353 70
431 69
194 60
318 87
272 69
515 66
356 80
266 68
257 53
349 72
10 68
31 59
344 61
227 53
455 46
122 44
412|20
2828 19
2384 55
2915 67
903 80
608 85
2720 41
2858 84
1883 59
1307 76
1214 79
1784 73
2239 55
1 82
930 75
1136 84
2710 58
915 71
2398 67
17 78
1079 78
413|12
2706 63
1198 79
3753 64
2424 57
593 81
128360 61
4993 78
16 73
5574 59
3948 62
64957 63
2959 82
414|20
4458 50
4666 50
5285 50
5635 50
6033 50
6493 50
6563 50
6628 50
6797 50
48319 50
58879 50
169992 50
3802 43
3599 50
1600 36
8666 32
4975 77
7444 72
4081 32
177593 69
415|19
296 89
1213 85
4321 63
3507 67
4308 69
47 83
1021 46
111 84
2617 63
1276 82
3861 54
4369 59
99114 79
1221 85
63082 78
1234 78
45722 70
1197 86
175 71
416|11
5952 57
5951 27
531 44
1296 44
1199 55
1721 47
830 39
1206 56
7323 44
4848 51
3677 28
417|14
778 78
4995 78
4975 63
7254 67
1198 83
106782 78
27773 73
168250 60
1625 72
7153 83
74458 77
110102 69
48394 73
4878 78
418|19
356 80
296 81
63082 72
104374 58
1276 75
1136 76
117176 60
1573 62
137337 35
1682 69
5816 66
88125 69
74458 73
367 61
89745 72
45672 52
87869 60
7361 79
54001 69
419|20
4093 50
111 86
46976 74
27822 35
2858 85
319 65
6287 58
3578 82
1213 87
64969 72
47 85
79592 61
34319 64
89580 50
60756 66
27704 50
90943 50
2412 38
1240 79
52245 54
420|20
1161 40
4993 88
45499 66
923 81
26693 50
48385 68
1927 61
5608 64
2052 55
6934 64
7022 76
3979 51
59295 50
2329 90
54259 72
1131 66
2762 82
4973 90
5669 76
527 93
421|8
2858 68
909 58
5008 49
953 64
1178 52
2313 53
2478 48
1203 68
422|19
2539 57
2710 55
4947 29
4971 42
5039 49
4925 50
2581 55
4916 36
1265 74
2804 72
3053 56
2665 50
1283 68
4835 34
2908 68
3943 44
1213 81
2670 43
858 84
423|5
1653 53
110 58
2194 51
5349 49
1320 42
424|20
1193 82
141 73
2804 74
40278 63
608 83
108729 49
293 80
69122 70
1092 62
54503 73
58559 84
3186 64
66097 71
778 79
5679 62
3176 66
2288 73
2174 67
71668 36
112556 72
425|20
45517 62
377 71
2329 84
733 72
6 79
1645 64
8368 77
2081 67
4306 77
1680 67
1909 66
367 65
46723 64
1625 72
1036 76
4901 62
750 84
2353 66
1342 48
145 62
426|18
59784 59
150 72
471 60
337 66
54001 66
1197 76
6378 63
72641 62
4886 68
8644 60
37729 61
597 63
5444 63
91325 23
588 69
3247 49
4022 65
79091 62
427|17
4887 45
5463 45
5015 56
110 78
58 72
5528 57
6348 30
5312 44
2710 52
5696 30
4993 78
5266 54
2683 59
5400 50
5816 66
1208 76
5574 59
428|20
2471 39
2762 63
3827 45
1089 67
2953 41
2916 57
1380 52
1997 60
3440 32
4022 59
317 54
4255 31
1208 67
1391 50
6377 65
2581 46
260 69
3285 46
588 63
653 52
429|12
339 69
421 55
150 76
225 72
165 72
266 69
329 68
252 66
279 27
317 63
237 63
204 53
430|12
923 69
2987 62
3745 56
6287 50
2858 73
6365 58
2571 76
4447 56
4014 60
329 63
2076 66
4446 56
431|5
172 34
1625 44
1376 39
3948 40
802 42
432|20
1831 48
5630 64
6870 74
8640 53
6539 79
3916 72
5989 80
84189 50
110 87
35836 70
4886 79
2762 80
1206 83
49272 80
19 57
318 97
58559 88
69481 77
7158 57
33660 69
433|5
91529 52
1089 54
50 57
5299 41
110 55
434|20
1136 83
3147 82
1090 78
1265 77
5989 78
1101 65
1779 55
586 61
344 65
3863 62
1208 83
3160 72
589 83
780 70
6796 67
2791 76
4226 84
2194 75
8665 73
1291 82
435|9
2353 59
44191 69
485 54
3510 59
34405 67
2302 56
158 50
82459 61
48780 69
436|20
204 51
435 47
440 66
432 50
161 74
480 71
377 67
531 58
536 26
502 39
364 75
235 65
371 59
344 60
2 63
585 50
450 42
587 65
437 39
227 52
437|20
748 61
318 95
5 63
640 48
1299 73
1120 68
1396 68
1246 79
454 78
1171 61
1225 83
1183 72
1097 75
1307 75
1268 53
592 73
198 65
155 34
112 68
246 80
438|20
7154 54
2501 77
8966 53
27801 65
1527 80
6711 85
3898 25
1784 78
8644 73
6367 55
2424 67
3889 40
223 83
1517 76
7361 93
2641 65
5009 55
2617 68
3753 75
2393 67
439|5
356 58
4022 49
7153 58
78499 54
1240 52
440|7
8690 50
541 67
29 62
1653 64
1274 59
3174 55
1235 61
441|9
589 73
2683 56
2959 77
4306 69
260 75
296 77
51255 68
47 72
68358 67
442|5
2908 25
2881 20
1186 24
3752 22
4361 24
443|8
2329 70
79132 70
296 72
48394 62
106487 54
108190 44
7153 70
63082 64
444|9
356 72
592 60
208 52
21 60
111 69
110 70
235 59
296 73
344 54
445|16
2028 76
590 73
34405 69
47 74
116897 52
780 64
4011 74
899 70
593 79
33794 69
1080 70
45722 63
17 70
1230 68
306 64
2710 52
446|17
237 55
339 61
300 63
296 73
480 64
368 60
288 58
172 47
17 64
16 66
357 61
150 67
434 55
153 51
648 59
593 73
337 62
447|16
257 55
293 78
337 71
531 61
382 53
589 79
552 61
253 72
362 68
532 55
292 71
31 60
474 72
540 50
442 59
160 57
448|373
2368 50
3284 50
3933 50
6302 50
6476 50
7245 50
48262 50
49688 50
75803 50
75816 50
78116 50
79590 50
86593 50
92198 50
98908 50
100326 50
102819 50
104760 50
108715 50
109191 50
111680 50
113416 50
116207 50
116985 50
129657 50
130083 50
133377 50
136654 50
138546 50
142424 50
151777 50
152658 50
157130 50
158022 50
161290 50
164375 50
53996 69
136778 50
5418 82
288 75
88356 33
2580 81
155358 50
2889 58
4034 83
148888 34
81156 52
2713 52
103335 70
95441 61
34048 65
80126 35
3057 50
1057 66
2794 52
33830 32
8665 78
6059 65
110553 50
90374 32
151501 50
3764 42
6143 32
103819 27
4361 72
104913 65
3986 55
5528 66
1196 91
105351 30
83349 58
3276 50
1090 83
5349 77
587 76
106330 30
4677 58
95508 50
109895 27
110611 50
671 73
2289 79
152077 68
80693 49
111360 54
170 69
87444 31
94323 32
8493 49
3671 81
91653 47
4981 50
2991 71
78034 50
119145 81
5099 38
4299 67
2567 59
6996 30
109864 27
6582 33
73017 79
370 68
543 71
115617 80
590 87
154065 50
5553 54
41569 69
3286 34
6645 54
589 89
1920 58
2857 60
111663 31
78499 86
2657 70
6537 65
1148 87
46974 46
48516 90
80241 40
445 60
4262 81
3689 28
114935 61
6428 31
127194 50
109673 36
127096 46
89388 50
4156 50
3793 79
33679 69
2014 50
64285 43
3968 61
49530 77
3450 66
160563 50
5502 68
8169 54
6314 28
122490 50
3386 74
140725 32
4896 80
2642 47
127136 30
2763 77
2520 50
457 89
48783 59
3263 58
5400 58
5541 58
4011 88
58351 50
127132 50
152091 45
3698 67
435 55
4799 55
84152 80
3401 40
2858 89
3174 72
7076 59
106542 50
6218 69
2860 48
1283 76
3618 59
2616 61
90439 56
2404 41
4660 50
2530 55
26386 50
4327 66
3030 66
71464 59
32 88
91529 85
4158 43
99114 85
98585 50
93326 52
2268 79
80489 74
130576 40
105504 77
2791 82
50601 46
7007 53
4234 47
3623 61
80727 32
78467 33
8641 77
4128 72
106782 86
2537 28
112138 70
3247 59
112818 39
2027 37
3101 66
5779 50
82202 44
1704 88
98296 50
6863 70
89305 40
4203 51
1201 88
6212 40
637 68
84954 62
6814 50
94864 66
67695 31
159077 50
92439 32
6812 28
3156 57
802 76
118354 50
134130 84
138036 68
65135 50
52975 67
4368 42
90717 45
45722 74
79259 50
68157 90
4233 33
74458 84
3258 55
1262 84
3949 85
101025 35
69526 50
1831 50
1083 45
1884 80
1476 72
156609 39
3755 67
111659 55
4734 64
161 87
95201 50
135887 63
2598 57
87232 79
4634 32
5334 28
5459 61
146730 50
72694 50
157432 50
132488 50
4558 50
1375 70
6424 50
71518 43
2716 80
94780 50
3593 33
129354 52
158 61
1409 52
6514 50
2881 63
51662 78
90522 49
68554 61
2126 52
122932 50
93510 75
137857 64
125916 11
2953 55
2090 61
1760 28
480 83
58803 71
2109 70
50792 28
46062 27
85510 59
80864 50
112171 57
122900 72
2587 40
1527 79
117529 64
4993 91
92264 30
5247 46
533 59
912 90
26464 50
2249 59
4678 53
103772 64
114601 30
96861 52
420 61
59615 60
2349 56
109372 32
95207 49
348 74
19 60
136020 60
4502 30
91094 47
138208 31
3511 37
79428 52
2643 36
109183 50
2139 69
4212 50
5942 47
96417 48
112852 87
99728 40
89470 65
142448 51
64983 59
2640 76
2046 68
4881 67
3882 56
3744 57
1032 70
116799 50
5 67
4040 44
157407 50
2115 77
1617 86
4367 60
105254 32
3388 47
3760 40
2146 64
2968 79
6281 64
466 62
96448 34
86332 74
64969 75
115170 50
1036 84
3397 61
2474 61
1408 80
155743 50
106920 77
8542 37
120466 59
2051 30
7143 80
7150 50
89087 39
34150 58
2253 51
2973 72
449|8
1917 45
2502 62
4034 59
1222 62
2770 44
762 38
2011 52
2324 63
450|11
3977 49
589 75
110 77
3363 68
3535 67
3948 61
3409 52
1035 72
3568 50
358 44
1259 72
451|7
733 59
593 70
7 53
5 50
494 58
25 61
17 62
452|20
4025 71
2858 100
2617 76
5292 61
1206 98
1676 79
3219 65
47 99
3101 75
163 90
1092 76
1917 72
2126 59
1356 96
552 78
2628 74
1200 96
608 100
2707 74
3273 58
453|20
208 71
858 100
2335 68
4022 83
3618 62
1617 92
3452 65
1357 83
112 77
2671 78
1884 86
1894 59
2294 70
318 100
1614 62
3534 73
2959 100
798 56
5266 67
780 80
454|9
7361 75
2692 68
7116 22
55820 66
6016 73
27773 65
2160 67
2858 72
26131 39
455|12
272 63
432 46
367 56
590 68
253 64
364 69
555 64
252 59
110 71
225 64
588 65
597 60
456|9
1407 55
634 31
135 52
5 54
724 50
780 61
733 64
260 74
706 50
457|10
329 60
3593 25
2692 65
1356 67
223 64
2394 56
2701 37
3608 47
733 62
2094 53
458|12
597 65
185 59
10 68
380 67
95 58
454 72
300 70
595 72
153 56
587 66
150 74
552 59
459|6
79132 65
5618 62
8961 58
48780 60
50872 58
260 65
460|17
89039 50
4886 77
4703 37
3831 57
1441 64
4878 81
3483 51
8970 69
1 81
49272 78
40815 75
85414 69
68237 74
76093 77
47610 71
63082 78
2571 86
461|6
74458 45
2762 45
1036 45
91500 39
3578 46
539 42
462|20
26838 50
89090 50
164655 50
188189 50
1136 83
1219 80
158966 50
1248 71
508 76
1653 79
1674 72
8917 64
8620 8
3424 74
2146 60
7044 48
3814 60
1213 85
82857 50
26131 46
463|7
6377 64
2028 67
4310 47
3753 55
2006 49
1092 51
5995 63
464|20
1370 68
58025 55
63853 40
296 89
2019 82
3527 70
5254 63
7007 50
1101 66
1779 55
377 74
1653 79
55820 77
648 72
33493 68
1610 77
65088 55
74727 30
1617 81
62374 60
465|20
2941 62
2987 75
1200 85
3448 76
5060 81
1299 78
3703 81
3649 45
1625 79
292 80
904 90
3101 67
1754 66
750 92
1256 71
593 94
3732 37
3740 76
3334 65
377 78
466|20
5418 77
30793 61
79091 71
92259 84
5989 79
5459 57
318 95
63082 79
59784 67
5010 74
74458 80
6281 60
5952 84
8529 64
64716 64
68954 83
4993 86
45447 61
81845 82
55247 75
467|22
41 50
58 50
389 50
466 50
527 50
593 50
780 50
1183 50
1233 50
1357 50
1365 50
1408 50
1721 50
2028 50
2125 50
2324 50
2334 50
2384 50
2390 50
2393 50
2394 50
2493 50
468|7
592 52
349 56
1 58
317 48
296 63
32 59
165 55
469|20
3658 50
3832 50
3507 71
3032 52
2736 49
2132 60
1958 74
910 83
1090 84
1485 65
1388 57
2321 72
1234 84
2081 74
1193 90
36 87
2908 76
909 76
2023 73
3255 73
470|16
253 68
318 84
110 76
588 70
282 61
5 56
597 64
32 74
595 70
592 65
500 62
26 51
356 77
357 65
434 59
300 68
471|6
2571 64
8874 58
527 66
1 60
8360 53
7147 56
472|6
58559 62
3450 45
3298 49
2840 39
1221 61
858 64
473|8
4979 56
2959 70
60 52
7147 60
6281 47
3897 61
48322 36
2596 44
474|422
638 50
2179 50
2697 50
4046 50
5114 50
5311 50
5353 50
5455 50
5601 50
6201 50
6273 50
6382 50
6407 50
6592 50
6912 50
7702 50
7826 50
7832 50
7839 50
8057 50
8446 50
8458 50
8459 50
8611 50
8650 50
8774 50
8938 50
1466 86
6708 81
2940 61
2616 67
2334 58
7139 63
4218 50
371 76
750 100
2935 60
8645 60
5481 67
6370 57
25865 50
2553 53
912 99
2467 76
5548 51
7301 44
52967 49
5945 70
480 91
1983 47
3462 82
1068 50
8600 34
6650 34
8482 50
6791 57
4016 81
1784 85
3668 73
3977 63
8961 90
4160 51
30820 43
6984 50
2750 59
5034 41
7716 50
2612 50
4419 52
1300 70
4187 45
1187 51
6565 79
272 88
5440 50
25937 43
1099 49
3125 50
5826 50
5649 50
7256 64
4912 48
6016 99
1208 98
2083 78
3385 54
2310 42
3360 79
3163 51
1413 35
4081 32
1643 51
968 81
2116 68
26965 35
5954 82
1263 88
5116 50
3536 72
8778 35
63433 38
2952 70
318 100
3394 53
1200 93
3384 53
4356 56
932 66
7698 56
516 71
4873 76
48385 76
39869 53
1902 50
2641 71
7036 56
2181 50
4638 64
31116 43
2455 79
2146 70
628 85
3897 90
1030 60
4022 86
344 77
3196 66
92 51
237 78
6770 35
3259 65
3368 34
26151 34
1293 83
34072 74
3044 71
1639 85
5944 66
6539 91
477 76
7361 100
55687 50
58 93
4014 79
3467 52
8154 52
4191 48
2134 70
4644 44
4293 45
5013 82
1399 50
1196 100
2918 88
5899 42
4465 56
100 66
361 70
3341 57
8921 50
195 63
3789 50
4709 42
1588 68
3468 85
4678 58
2723 74
2118 72
1939 68
7019 31
3147 96
1792 68
33903 57
1682 87
41566 79
1693 75
1957 73
5021 43
2313 75
3870 50
948 59
47099 88
3447 35
6614 41
216 82
5619 0
3987 45
5060 88
3111 43
45950 71
32584 48
5525 50
2567 64
5956 81
7 78
1172 90
3217 44
8331 50
587 84
5238 34
1189 72
2416 67
832 80
3095 72
7386 50
1223 86
7058 50
5246 35
5418 89
27803 69
26 68
4002 81
1135 67
45 78
6945 35
2411 62
2520 50
7347 67
5375 50
5673 80
3039 83
7833 50
33781 31
720 91
2103 39
33154 60
608 99
1327 55
101 79
7061 50
5451 45
5682 33
5434 56
6609 50
31658 90
4578 29
2009 73
4704 50
7572 50
4929 44
3306 44
6334 41
5379 55
5437 42
42418 48
4128 79
7451 85
2786 36
2243 77
27846 68
6197 42
3264 58
3608 66
5603 35
6124 35
1222 95
1663 83
3566 48
3755 74
2628 72
4815 49
2089 68
7102 43
27706 71
7013 61
1348 75
45666 53
5755 32
4055 36
2058 76
4462 19
1544 65
2405 63
4998 50
273 69
1977 48
1732 93
7822 50
7073 50
41527 32
4787 63
1676 77
3708 62
6669 54
317 78
25940 50
971 71
7366 54
3115 54
7026 40
2710 67
50685 58
2114 77
3809 75
3516 50
2770 68
535 67
4878 94
5992 69
41997 79
1083 49
4487 60
7293 82
1016 51
2006 71
1007 56
4993 99
3412 57
5007 50
3929 33
6639 56
8712 50
1876 68
3546 50
34359 50
7579 42
7325 71
6837 50
2634 41
7753 31
8943 23
8385 50
4308 80
3246 79
3745 75
1148 96
42002 61
50740 44
3952 59
1927 68
7581 34
910 91
3948 79
54881 73
1284 80
4007 77
5341 33
3675 67
52975 73
6244 33
965 69
454 91
1247 93
7215 48
1282 87
8207 58
6242 67
6502 91
4509 47
3528 50
2391 78
4262 89
4039 65
42018 11
3271 76
976 50
48394 88
5384 50
5168 50
1358 86
6534 59
8773 50
2384 63
48780 92
1269 87
4600 34
2642 51
111 98
933 89
3578 94
5297 30
944 45
6020 50
2123 60
748 71
4896 88
5380 70
53953 69
3712 33
25996 50
1997 87
4464 55
4085 78
51540 82
2707 73
2069 33
6710 49
1488 64
6378 83
928 82
3038 54
7116 30
44511 50
594 85
1962 79
421 68
4316 28
2761 89
4823 68
892 68
1345 77
5294 71
1408 87
6579 35
3272 58
3421 84
3844 64
6787 86
37736 41
2249 65
1610 89
2468 54
3498 65
4902 65
6268 34
5225 85
5404 46
929 50
25999 50
7835 50
805 86
4126 50
475|20
6539 90
4993 99
87232 86
40815 86
5816 83
8644 79
81564 76
4701 72
81834 91
6564 51
68791 70
111759 89
7153 100
1527 86
71530 58
4896 87
106487 77
112852 94
3578 93
82461 67
476|14
594 67
34 69
380 68
158 52
153 57
586 57
440 67
364 76
378 44
357 68
224 69
165 71
296 81
11 70
477|20
34 84
913 90
3100 79
2105 73
1271 75
1207 91
70687 26
2174 78
45672 63
4571 82
3973 30
4226 94
1103 76
5291 73
348 77
3593 34
1 91
1274 81
6502 87
59615 63
478|5
1917 38
3114 48
594 46
1584 45
1101 41
479|20
5365 50
4488 38
524 70
1025 70
3707 49
1220 77
4010 47
3244 62
3526 65
4092 29
1968 78
4700 61
4003 39
3671 79
2671 71
341 50
2012 70
2542 82
454 81
2384 56
480|20
43914 50
2700 74
8533 71
2193 66
2797 72
3484 45
2571 86
1210 84
2596 56
8866 51
47610 71
6306 38
5379 47
2018 66
7153 86
3911 71
44191 78
38061 77
5673 69
380 73
481|7
1608 45
1687 41
1629 23
1729 48
1620 37
1597 43
1485 42
482|20
2068 30
8985 50
1036 79
474 76
1042 63
4389 40
780 71
27706 61
3211 30
1610 77
4367 56
1374 76
1220 75
1602 38
653 65
592 74
30812 68
4862 32
8361 58
8529 64
483|20
105325 50
783 75
2541 72
2959 97
109971 50
45722 76
1199 87
50872 84
2000 79
4306 86
69757 78
2683 70
2273 68
1588 63
109487 89
66934 76
1721 75
2328 46
68522 50
8972 69
484|20
93320 50
1438 59
6155 69
6944 66
2706 76
33166 83
6874 89
3697 61
1059 80
76293 60
919 83
2762 88
1821 50
837 73
5810 72
1753 67
3254 69
4718 65
2413 69
3646 43
485|5
588 55
161 57
253 53
292 53
231 45
486|12
653 58
47 74
110 76
153 55
474 68
95 57
288 63
329 65
161 73
318 85
292 68
6 73
487|12
27611 50
8961 59
318 72
1198 65
31658 59
1197 66
6539 59
5445 56
116797 61
4027 58
8874 60
86377 43
488|20
720 77
838 70
608 84
1223 73
26 57
5135 60
2109 65
7720 33
7303 42
4014 67
5995 78
457 83
105 62
1136 82
272 74
1269 73
3176 67
1278 78
1125 67
910 77
489|20
79536 50
86000 50
4848 70
736 63
8387 14
4700 54
45666 42
4720 66
2683 60
2021 63
2389 35
1619 56
950 46
58559 79
2236 45
2167 60
1616 53
247 67
376 63
2717 52
490|20
46578 68
89492 60
81591 60
91077 55
60074 51
5816 63
4144 58
54001 65
1 71
1784 64
7153 75
4993 75
89759 34
86320 40
60128 24
76251 60
8368 69
69122 63
2006 54
78499 70
491|13
106782 79
69757 70
7293 69
27808 54
4246 70
3948 66
104374 62
86833 65
140110 53
8529 63
180231 50
4306 78
88405 56
492|20
736 76
784 65
628 81
858 98
852 72
64 44
990 42
830 63
743 55
62 85
52 76
1499 40
66 48
1210 93
881 37
1474 42
1405 62
724 65
1047 70
65 54
493|13
2985 57
4444 33
2916 62
1275 63
2571 75
1527 64
2028 73
3793 65
2167 56
1215 70
4701 54
2924 53
260 75
494|5
1196 57
4498 30
3578 54
2028 57
1210 57
495|20
140523 50
115149 80
1259 90
1721 79
136562 53
80489 79
19 64
50872 87
231 73
102123 64
52319 51
7254 79
7360 73
8528 80
1645 75
46578 88
30810 76
2918 85
148626 81
56775 69
496|6
1221 61
99149 38
858 64
904 61
8865 37
114713 21
497|11
1193 64
112556 56
112290 49
1916 40
92259 63
2329 65
112552 60
1258 62
2762 59
5349 54
111362 54
498|7
344 52
231 51
648 57
10 58
300 60
356 68
316 56
499|6
1202 41
2337 32
38304 34
327 46
56286 22
1304 62
500|18
2599 61
2987 59
543 56
2700 62
2542 66
1265 65
2916 60
356 73
3301 56
1784 61
1914 45
595 66
2355 58
3536 52
1885 45
322 45
838 59
720 65
501|9
6 63
62 60
93 38
45 52
3 52
637 50
11 59
18 51
662 36
502|7
7236 27
1077 53
4412 14
3469 35
2001 46
2520 50
1777 50
503|19
7455 50
7361 78
4878 73
356 79
91500 63
593 80
527 82
858 80
4226 76
1259 72
1342 45
2877 39
92509 34
90866 61
500 63
441 69
48516 77
2858 76
48394 69
504|18
4995 81
5812 60
2321 67
1 82
3556 69
7153 86
6708 69
1288 81
6927 50
4033 66
4700 59
6565 67
342 66
3408 70
6879 63
4361 68
5952 84
5955 54
505|7
1241 42
4105 53
1029 51
74685 31
273 47
6502 62
54999 45
506|9
59258 41
54272 57
37741 58
56782 61
62293 32
51834 37
49286 50
112556 60
61024 56
507|5
165 50
266 48
253 50
377 48
593 57
508|5
2872 36
2011 37
1952 38
1175 38
898 44
509|20
26958 50
130073 50
2028 85
87232 74
33830 30
5313 46
48 66
2090 57
2080 68
6942 73
8907 46
6156 58
5816 72
39 71
3988 59
6807 74
7458 67
1196 86
45447 60
616 70
510|20
1882 32
7026 27
35836 54
494 57
1198 67
514 49
457 66
2935 40
858 69
2699 45
317 53
8949 55
2918 59
145 50
1262 62
6787 58
1208 66
372 43
1242 62
40819 58
511|11
2959 83
53953 55
115149 66
164179 67
6534 47
99114 74
92259 78
318 88
2324 78
1653 73
56757 64
512|10
480 65
150 68
349 66
47 69
350 61
442 53
457 70
50 73
317 56
593 74
513|7
5952 64
318 72
2174 53
235 55
1304 62
1220 57
1080 59
514|20
1335 50
5704 50
62586 50
168358 50
180263 50
1704 87
2005 75
2792 62
2013 62
1673 82
134130 83
76093 82
1333 74
58998 75
68157 89
2406 72
3210 72
54503 79
4855 73
1644 45
515|6
33794 59
2028 65
527 69
91529 61
58559 66
2959 68
516|26
260 50
457 50
480 50
647 50
708 50
1042 50
1090 50
1197 50
1198 50
1954 50
1958 50
2021 50
2259 50
2268 50
3052 50
3471 50
4027 50
4291 50
4306 50
4321 50
4322 50
4333 50
4337 50
4349 50
4361 50
4429 50
517|20
4306 58
53125 49
1265 57
165489 50
97938 53
88744 49
86880 44
4148 42
26761 50
3398 47
1293 52
3988 43
2858 61
4963 56
1204 61
1704 61
47629 47
7669 43
1206 60
46578 57
518|5
3101 42
2657 44
783 46
1876 39
6365 44
519|6
1704 62
356 65
140110 41
6378 53
7445 50
1968 56
520|20
7266 50
318 100
1049 69
59315 82
4995 86
32 89
2716 80
4333 49
1291 88
1732 85
4085 71
2723 67
3081 72
3994 71
33493 73
135 64
2393 67
60516 30
2406 73
1584 77
521|8
661 55
112 56
86 57
104 57
58 65
79 47
52 56
852 53
522|20
99114 80
81932 70
89492 69
63113 66
2959 90
1193 85
1375 66
4993 86
223 78
27611 66
76060 28
180 67
59315 77
1617 82
10 75
67255 74
2023 69
6187 56
318 95
127098 44
523|15
168252 81
8970 72
5989 82
318 99
91529 84
1721 73
293 86
65261 64
4270 61
3147 86
27731 59
134130 82
31696 67
527 94
101962 45
524|20
1356 74
150 75
552 60
748 56
344 60
442 58
253 70
1225 76
20 46
589 77
1242 73
544 38
173 51
1302 65
380 68
457 77
1020 57
788 52
193 47
466 53
525|20
120807 50
317 69
6863 68
8622 72
33004 68
7147 78
2396 78
40815 77
137337 39
1639 75
1968 77
91869 50
45880 58
2100 63
339 76
4886 79
50872 79
86332 71
8983 68
3996 80
526|12
593 81
55247 69
46578 72
176415 50
1295 49
90430 37
4014 63
2352 64
176413 50
215 65
81845 75
51255 72
527|20
2137 72
3114 87
3210 77
3016 64
2161 77
4571 82
2118 70
3421 82
455 56
2867 64
2450 42
1909 77
1214 89
4299 71
736 77
2477 40
588 89
4016 79
1259 90
2533 61
528|15
4886 64
2278 57
80906 54
4037 44
1240 64
64614 63
3821 36
150 68
1291 68
80463 64
593 73
99813 43
85342 47
48516 70
58559 71
529|5
653 43
135 40
65 32
62 51
733 49
530|6
292 56
500 51
300 56
586 45
593 65
11 56
531|5
593 59
590 55
919 50
480 53
1215 54
532|10
1721 62
4863 27
457 75
290 61
1245 66
1242 71
2023 62
2329 77
1304 73
517 45
533|8
1200 68
6502 66
79132 73
46578 66
93840 59
4973 73
2455 58
66934 59
534|20
116724 50
97913 82
94953 48
2003 77
2167 77
7569 74
153 73
1485 72
65514 71
104218 44
344 77
2571 100
5445 87
95875 57
112818 43
82461 69
96610 83
2987 83
138036 76
1566 78
535|6
2571 53
2581 35
2700 45
2688 35
2583 39
2882 17
536|8
232 46
272 53
356 62
335 50
225 54
150 58
434 47
589 59
537|10
80906 57
367 58
7153 74
53322 56
104218 32
97304 63
6539 67
318 82
89745 68
105504 63
538|8
595 68
3671 66
80549 62
4039 48
69757 62
5047 43
44889 50
66934 61
539|8
4306 63
6753 47
5218 57
50872 61
88 44
3301 54
4886 61
69122 57
540|9
2598 46
2959 77
1073 69
8874 68
1681 31
2183 50
2841 55
2747 44
1196 74
541|18
590 73
457 74
413 50
15 47
110 76
595 69
597 63
480 69
356 77
203 56
529 67
357 65
22 58
345 61
546 36
586 55
281 61
350 64
542|20
6539 71
30793 56
5299 58
2542 72
34319 57
33679 59
4963 71
5481 52
1997 69
4025 54
3623 52
924 72
4369 54
6378 66
2571 79
7254 64
41566 62
37733 62
7361 79
45517 58
543|16
73881 28
1702 51
595 76
3301 66
231 63
2378 54
2379 40
86882 65
6377 79
588 76
377 72
48385 64
2571 84
4526 38
4388 47
92259 82
544|22
1 50
3 50
14 50
32 50
40 50
62 50
68 50
95 50
116 50
619 50
626 50
648 50
650 50
694 50
736 50
780 50
839 50
1042 50
1047 50
1059 50
1105 50
1356 50
545|5
1438 37
1267 53
2763 50
1367 42
44 36
546|13
1270 70
3328 65
480 68
1970 45
2456 36
1976 30
589 73
2657 57
1673 68
3941 50
3959 45
3566 36
1977 36
547|5
1211 40
2859 37
2917 40
1394 51
1288 54
548|26
69 50
260 50
356 50
733 50
1196 50
1393 50
1477 50
1621 50
2571 50
2716 50
3263 50
3578 50
3916 50
4776 50
4899 50
5955 50
6874 50
7458 50
8531 50
49910 50
58559 50
74532 50
80862 50
122904 50
125916 50
168712 50
549|5
2571 52
2028 51
4226 51
1210 51
589 50
550|6
167296 50
102125 53
106782 62
116797 62
112852 63
122882 57
551|20
5010 70
34162 65
60069 79
1544 53
45186 63
103772 57
51935 67
4226 81
2353 65
7153 82
5989 75
135569 58
115149 68
88129 67
134130 75
6934 59
47 79
4701 59
2959 85
98809 71
552|20
2916 66
3317 62
1405 51
2953 47
2245 54
2944 68
2890 66
2125 60
508 70
3948 62
5349 66
2959 81
2857 52
173 51
2991 61
2871 68
2628 57
4308 63
4878 74
3101 57
553|17
55765 77
3481 75
1923 74
2571 89
4011 85
50 90
3949 81
1089 85
44199 73
5513 50
2231 74
2395 71
3052 73
61257 50
1221 87
33166 77
2959 91
554|18
1196 85
1022 68
2820 50
1207 80
1517 70
1282 74
1210 84
1760 26
2282 40
1225 82
907 28
1358 73
2096 62
1028 77
593 87
608 84
953 78
2324 83
555|20
790 50
3664 50
1 93
3111 42
3395 40
104 80
1334 51
2506 54
2072 59
4002 79
1266 90
2641 69
2256 33
2791 88
2701 51
1333 81
1320 71
337 85
1393 82
3526 71
556|7
162600 23
122890 37
3081 53
88125 60
588 62
72998 57
74789 45
557|6
648 51
231 45
1291 58
260 61
1210 60
150 58
558|12
5329 50
5064 67
4903 49
2297 55
2568 46
4993 78
4306 73
367 61
5283 50
1097 69
4164 27
5294 56
559|20
552 60
608 79
355 43
329 67
544 39
1527 69
173 51
377 68
745 74
174 41
529 70
350 67
349 73
533 52
836 53
1210 78
420 53
786 62
227 54
253 71
560|20
5839 50
91535 59
136018 35
67997 51
79132 89
3253 70
142558 50
2355 72
39435 45
1527 76
40414 47
64614 79
48744 39
56587 59
593 91
76251 71
84944 64
109313 50
5878 67
40819 76
561|20
168174 50
5308 52
78469 56
3703 74
60069 81
91535 56
2105 64
73017 72
5445 72
2000 71
83134 66
79132 84
79592 59
80463 76
89745 77
527 88
8972 62
353 75
33162 61
68157 83
562|20
27140 50
6870 82
6377 91
2580 85
1249 88
4776 81
36529 81
1259 90
1982 76
2268 84
2133 69
83134 77
3210 77
48394 85
30707 87
33836 49
2692 89
88163 85
99191 50
1240 87
563|20
61071 50
70932 50
80858 50
919 82
74450 41
588 86
5943 50
118997 38
86833 73
1197 94
128832 50
85397 33
45221 40
33499 42
7380 58
96821 75
81784 42
95307 41
65585 45
55250 35
564|20
50942 50
356 94
31685 66
131013 52
61024 75
79224 46
87869 71
500 75
108156 47
81784 42
93270 39
6188 72
106918 76
65230 61
67087 67
80693 49
94677 68
8984 69
73266 41
2671 74
565|6
590 60
231 48
19 41
21 54
50 65
539 54
566|15
648 62
10 64
231 56
329 62
342 57
141 64
203 54
345 60
39 61
497 66
265 64
588 68
708 60
353 66
2 60
567|20
8189 50
26743 50
92681 50
109897 50
152071 50
5690 54
136602 23
122888 50
6333 58
1274 57
122922 54
153070 50
151687 50
117877 50
108928 37
954 57
122924 43
27773 59
648 57
135887 47
568|23
50 50
147 50
296 50
356 50
480 50
593 50
765 50
1103 50
1104 50
1257 50
1298 50
1895 50
2313 50
2359 50
2863 50
3053 50
3148 50
3261 50
3363 50
8169 50
46723 50
63853 50
65088 50
569|5
231 43
50 59
380 49
588 52
592 49
570|20
208 56
8636 67
48516 76
1225 75
586 56
2683 58
457 76
1196 77
110 77
4993 77
7361 78
1198 77
1079 70
10 67
3793 67
1391 57
589 75
380 66
527 81
185 58
571|20
1331 50
2982 50
2366 64
1128 35
610 65
2902 37
1998 24
3696 34
1980 50
1987 50
70 64
1924 45
2279 41
1327 44
3732 33
1972 35
1278 74
1644 40
2327 36
1978 25
572|20
1961 82
2570 47
2788 80
2321 72
111 90
904 90
2987 75
2302 69
1834 67
2539 64
2917 63
1307 81
1 87
161 87
3421 78
838 76
1356 86
2006 66
3167 45
1953 80
573|20
89745 90
72998 82
3752 71
356 99
7293 80
6754 75
8665 84
32587 87
1073 91
88744 76
1127 81
68954 94
98809 85
2640 81
48516 96
71535 86
59369 79
60069 94
88140 79
1562 51
574|23
47 50
110 50
150 50
153 50
161 50
185 50
225 50
231 50
292 50
296 50
300 50
316 50
318 50
329 50
339 50
344 50
380 50
410 50
434 50
588 50
592 50
593 50
595 50
575|8
2566 23
2580 59
296 69
2581 45
2572 55
2542 61
2574 29
2598 41
576|5
849 35
1321 37
1373 33
1479 38
2289 43
577|20
2415 50
1183 70
1288 78
1129 64
2944 72
2194 73
733 72
1213 82
2076 72
2020 72
1262 76
1931 51
1391 61
2987 68
952 59
1909 66
260 83
919 73
2248 70
1270 78
578|6
6751 50
52668 22
45668 40
830 42
72407 34
75446 50
579|15
3174 66
2485 54
1022 67
2018 65
838 69
1917 59
1391 61
596 67
1573 66
2965 50
1653 76
2599 72
892 57
2687 64
595 77
580|20
5767 50
6583 50
480 80
8844 50
6989 44
3809 66
41569 66
3699 59
4041 59
33166 76
356 89
508 77
8376 65
3578 82
608 87
3785 59
3089 71
1320 63
54286 77
1201 84
581|8
7153 73
5995 67
4973 74
116797 69
3949 68
4306 68
109487 70
6377 69
582|12
91529 73
2959 81
116797 74
4993 78
5618 76
2571 79
76251 63
69844 71
104841 64
48516 77
97752 60
76093 71
583|12
8533 61
88405 49
2706 59
117590 52
317 58
60756 56
6942 63
595 68
46578 67
104 60
2694 56
7451 63
584|17
288 69
22 64
203 61
315 65
500 68
316 69
539 71
234 50
296 86
257 56
434 65
586 60
338 53
349 76
282 67
480 76
590 79
585|13
3173 54
1228 73
54503 71
2959 84
428 63
1405 53
7254 66
441 72
1805 57
296 84
27373 50
5325 50
79132 81
586|20
34332 46
4016 82
111659 61
106002 72
149406 57
167036 51
45499 76
136556 50
5445 87
117851 54
1291 97
71264 77
106489 75
135436 57
3753 82
2640 84
3147 97
122916 87
3793 88
101362 52
587|20
1234 87
628 81
2012 75
534 73
2002 65
1641 82
236 80
1376 75
2622 61
1541 51
3260 71
497 86
3082 71
445 62
3448 80
2574 42
765 64
691 42
329 80
3406 39
588|12
50 68
16 62
20 39
356 67
350 56
198 50
593 68
364 64
163 58
253 59
223 60
3 52
589|8
1092 51
318 76
590 65
373 48
586 49
587 57
527 72
337 60
590|20
924 78
8807 66
2371 58
38061 77
81834 78
40815 74
4890 58
903 79
5 63
3624 59
555 76
4047 55
51662 72
2085 68
419 52
595 78
329 72
2376 60
3635 61
2398 66
591|11
2908 57
2706 55
2712 56
2355 56
3615 46
3578 65
2394 54
3798 48
356 70
223 62
2724 46
592|19
514 59
2 66
153 58
415 48
110 80
177 49
420 54
380 69
44 49
788 54
588 74
163 71
204 53
610 66
39 66
419 50
253 72
432 52
240 34
593|20
1196 72
1073 67
1086 63
1617 68
4034 66
41566 57
1197 72
344 55
8368 67
339 62
2959 75
8961 65
5816 61
2797 61
4896 63
588 66
595 66
5952 70
377 62
141 63
594|20
7031 50
2671 83
7115 47
1616 69
5943 56
1188 78
2269 58
1733 47
4902 68
6996 34
780 86
1429 81
6140 36
7046 60
39 85
595 95
799 84
2028 100
8482 50
7169 63
595|5
265 49
50 58
1186 45
1199 53
1966 33
596|20
33649 50
43744 50
182793 50
129397 27
128908 50
1 83
142488 74
122922 70
4310 60
71838 51
4025 60
2501 74
110102 73
149406 49
2774 50
5502 66
8665 75
6537 62
2571 88
345 71
597|20
1799 67
490 64
3040 56
2529 87
2858 98
903 94
3039 83
2000 85
1291 96
357 86
1228 91
1845 79
2411 62
1580 82
1148 96
1198 100
2723 74
485 73
592 86
2692 92
598|5
56367 45
8360 43
593 53
114265 50
103543 16
599|496
26142 50
26567 50
26590 50
26676 50
26854 50
27595 50
34800 50
53450 50
60803 50
69131 50
74696 50
79895 50
84523 50
87960 50
92674 50
98799 50
102735 50
102852 50
104017 50
105020 50
122433 50
157865 50
158874 50
160978 50
161044 50
174727 50
179053 50
1801 64
6035 28
3387 40
33437 52
112 64
5995 74
167706 50
4394 50
836 54
7235 45
8809 27
102749 50
89087 35
42011 39
432 52
471 64
5628 44
1015 55
2 65
2269 45
69 65
3947 33
79091 67
104837 50
4037 50
7587 36
6881 43
1449 67
7225 35
81229 59
68952 44
4728 52
5081 42
33966 50
1779 52
3669 50
87197 50
170297 50
79057 53
95965 50
55207 50
4007 62
1220 70
80831 51
46723 63
71282 53
7757 48
3259 52
92309 28
1376 63
7192 27
4654 41
101423 50
53468 47
62662 50
3174 64
3698 59
2882 27
2359 65
1183 68
2792 55
1095 59
8387 14
53125 63
115713 71
2949 67
2471 46
3 64
1231 68
3861 51
240 34
1480 57
2301 57
1445 39
8045 50
586 58
2942 47
1185 59
4594 50
2474 54
3671 72
3196 53
64839 67
98697 50
2606 47
1777 64
5309 44
7022 69
4873 62
541 78
27311 35
43921 43
67734 57
4240 50
5026 58
168 61
33493 64
4125 15
7354 34
207 60
1094 63
742 50
1609 31
1042 59
3362 71
4553 54
4632 26
2278 64
468 64
122904 72
75416 50
42718 44
4285 31
79274 35
1794 50
45081 48
108192 50
3489 62
3503 57
89804 51
163809 50
577 34
3071 51
1204 79
3981 41
95771 50
45382 28
6548 51
59387 59
166528 68
168492 40
6691 50
605 47
424 29
2991 63
248 59
97950 50
3865 40
1216 55
342 62
35836 65
27772 40
176419 27
151781 50
277 60
6320 18
39381 47
5111 50
4090 50
2450 35
2676 46
2356 36
79702 68
1597 58
410 63
1721 65
3702 63
183301 50
1387 75
2072 48
26729 45
2393 59
4247 43
4591 41
1032 62
3087 55
1895 57
634 34
210 39
2074 36
51575 36
3505 55
5247 40
481 57
4215 34
1355 27
2657 62
2028 80
4011 78
420 54
552 61
1196 81
2395 66
5303 46
1752 34
3186 62
4310 56
1784 69
3200 57
7254 66
688 46
473 36
1079 73
1552 56
1148 77
1544 53
63113 62
2325 52
26649 28
6804 50
161 77
4109 42
34332 37
1653 74
4808 34
7707 50
3468 69
502 41
1221 80
1792 55
68319 52
6787 70
2119 25
3884 25
4254 37
3973 25
103609 50
8934 50
5377 69
42632 45
55290 61
4506 34
7840 35
5568 42
1689 38
7005 50
103228 57
59947 50
786 63
4351 55
172253 50
4679 48
1411 67
117630 50
1590 54
112623 55
3146 44
8984 60
1920 51
519 42
179817 33
3979 46
3741 59
44020 27
26630 50
7285 55
3030 59
1021 43
8638 58
87 45
7153 81
2877 41
2018 62
3173 54
5198 50
7101 44
7701 30
3213 59
26159 28
2339 50
33896 36
2000 68
4006 48
136562 44
37382 45
6645 48
171763 57
8528 67
27008 50
4017 58
4167 46
86142 40
1249 73
3255 64
736 64
2779 56
84414 28
27773 71
2083 63
98499 27
4034 74
119828 50
1993 37
94864 58
6631 22
2321 63
26242 42
3703 72
41566 64
2529 70
1968 71
8914 62
3257 53
159403 50
1036 74
76093 73
5103 61
6947 64
1952 67
2124 59
4084 49
6016 80
778 76
81 54
2171 50
1253 68
4275 40
7982 34
3723 45
849 56
2681 34
6565 63
39414 46
122916 69
6440 61
8917 60
72011 65
1605 38
1240 72
923 74
68157 80
5961 50
5053 50
3571 28
2403 63
3871 45
44238 50
72226 64
7004 49
2054 52
62970 27
5159 47
354 49
122924 52
48774 72
1394 71
3763 56
70286 72
1904 32
3969 63
81562 62
102590 50
233 60
4155 47
1031 63
76 59
459 39
1097 70
1178 60
60291 27
3328 69
1232 51
3036 49
5283 51
4327 58
610 66
2726 55
4732 37
5970 51
2396 72
594 69
1247 75
45499 60
3476 61
2399 35
137218 50
1997 71
3271 61
27801 57
6365 62
1799 54
580 34
122900 64
2803 51
80219 52
466 55
110882 36
3997 34
26176 50
2378 52
117895 29
26662 67
90603 35
119218 50
44 49
809 43
1960 65
4519 44
1959 60
414 38
1073 75
61236 42
1479 60
4019 66
1245 70
37857 54
161032 50
371 61
3020 60
88593 50
6774 52
2005 67
90405 54
26285 50
6793 34
627 42
1617 76
6734 25
108090 50
2427 62
51024 36
122922 64
3440 37
6874 76
4919 28
338 51
81591 65
1704 78
1499 34
357 69
62155 52
144 55
34148 28
53519 57
4504 50
2796 44
216 66
6827 18
1429 63
7445 63
1385 55
90471 28
8425 50
10 70
26542 27
7387 66
72998 68
89470 57
3629 51
1297 63
3424 69
1672 57
44761 58
196 54
70703 50
2383 31
180 62
4040 39
6333 69
4440 29
5291 61
88235 39
1639 69
4580 8
153236 50
86190 54
4477 32
103027 50
32291 41
34811 50
5171 50
122260 50
8784 68
5954 66
8798 69
707 55
880 52
314 60
61323 64
600|20
3269 51
1394 70
3785 53
2717 52
5569 27
4306 74
1206 76
56775 57
2015 50
7 62
2013 54
262 67
1210 78
1060 66
2431 58
2077 43
2423 61
4641 62
527 83
5076 31
601|20
141846 50
68157 88
1262 82
106782 84
60069 86
49272 82
5445 77
1193 88
1207 84
79132 90
904 88
166024 31
1917 63
7153 90
2324 87
170697 38
31658 81
5989 82
88810 75
2571 90
602|20
161 75
19 51
350 66
494 67
14 62
471 63
125 55
434 61
235 66
481 55
315 61
371 59
474 70
527 82
21 67
349 72
440 66
339 68
480 71
163 69
603|20
602 50
803 50
2008 50
2577 50
3459 50
4787 62
2912 74
1769 60
485 71
4420 50
920 81
1 93
2706 78
1844 43
3787 35
1222 93
190 46
2716 86
3983 67
101 77
604|20
220 50
292 72
151 72
329 69
410 64
426 49
435 50
316 68
22 63
235 69
181 42
332 49
273 56
637 62
285 50
173 53
588 75
23 55
553 75
1 78
605|20
35347 50
6787 75
1197 87
5667 50
42738 56
51662 74
7373 64
596 69
780 72
4571 74
2316 49
7454 52
150 82
60040 61
8977 44
3269 56
72982 50
1210 85
62376 36
60937 46
606|20
263 50
563 50
583 50
3808 50
4671 50
4840 50
5856 50
6111 50
6573 50
8685 50
32728 50
55805 50
3147 98
4392 43
2311 78
6308 42
50842 36
6591 59
8270 35
2025 65
607|20
891 49
1610 79
448 56
3147 85
1094 69
1307 78
592 76
204 58
1552 61
527 93
3476 67
296 91
2313 67
3440 41
423 53
1518 60
2118 64
2193 69
380 76
2028 88
608|20
52245 52
2997 77
3793 73
2763 71
174 43
2000 71
1214 78
919 74
2700 73
4161 60
5146 49
1639 72
541 81
473 38
2529 73
522 49
4343 55
1909 67
2431 62
1220 73
609|8
296 68
833 24
356 67
339 57
454 61
318 73
208 48
292 58
610|20
5953 50
58975 50
70206 50
78626 50
82765 50
97988 50
107447 50
107462 50
110591 50
110746 50
118082 50
139655 50
160341 50
86644 62
56801 49
61024 87
77561 85
4816 86
62434 80
3972 82
