286 0.00019800838720014543
3473 0.0001957957158646599
4951 0.00019249691169855759
3890 0.00019106373423728195
7365 0.0001889577055670352
6359 0.00018760895462353668
4352 0.0001820004346101965
7032 0.00018147335968785538
7541 0.0001810241832388874
3699 0.0001804691319131487
4877 0.00017851664393175688
3242 0.00017668607351296718
6503 0.00017576011532793252
4221 0.0001749493251108712
7293 0.00017425339243523315
2276 0.00017397750327136552
1189 0.00017396616520589
1441 0.0001715751087349577
1866 0.00017076293475248443
8602 0.00017029996482273972
5012 0.0001702991766039462
2342 0.00017016512501451527
4660 0.00016956400385171659
7353 0.00016894652836865325
1237 0.00016885086432389515
257 0.00016884111797170755
8036 0.00016870794202887286
8314 0.0001687069940507691
7633 0.0001686059697256181
2797 0.00016846636409078883
6901 0.0001677482043232234
5303 0.00016753404281208645
9602 0.00016748708460227277
7451 0.0001674165885503149
2289 0.00016717231024090061
6579 0.00016645782397389767
1522 0.0001664486015944098
7833 0.00016616579614947788
7036 0.00016595937123491084
3916 0.00016591042231493738
1312 0.00016571792167652513
2026 0.00016529466995394025
8754 0.00016513225891128433
9559 0.00016483375740243005
3279 0.00016477290122614735
4384 0.0001647413326028722
5553 0.0001646449159454258
248 0.00016455213369199283
2568 0.0001644561677141926
1279 0.00016444091820250772
3683 0.000163650948163215
1169 0.00016354649810517376
7016 0.00016326363729920085
6180 0.00016319910453621345
8914 0.0001631188069459862
7846 0.00016310421881693605
7497 0.0001628597258161583
5798 0.00016242100934725455
6898 0.0001624085717746951
2730 0.00016215648847247292
6655 0.00016215350719967457
1890 0.00016213424254112995
8065 0.00016211120029412172
9287 0.0001619588552962783
5421 0.00016160896450745452
9367 0.00016141292417465577
6500 0.00016132326915861014
517 0.00016128588916571266
8561 0.00016125753319494408
4240 0.00016119063469835024
5568 0.00016064712398408608
3545 0.00016044700108751834
8550 0.00016039010457326926
200 0.00016029277047188896
9747 0.00015999938728161528
2645 0.00015976430756683627
3145 0.00015972000570648812
1490 0.00015962859839264363
9043 0.00015949207901857904
614 0.00015949195373104054
8517 0.00015948136907042488
1340 0.00015946441783188067
70 0.00015913487542428283
1798 0.00015908474735077478
7220 0.0001587961706032334
348 0.00015879553377906849
1042 0.00015853359315190325
7854 0.000157813784930879
9910 0.00015779707955944355
8278 0.00015778515507524474
472 0.00015764420650799798
6158 0.00015762199272952073
3340 0.0001575419369075699
226 0.00015753570165301923
6030 0.00015750472246503405
1493 0.0001573739003556703
8937 0.0001572454738233665
9520 0.00015717996363348447
3483 0.0001569863133396995
2794 0.0001568793445343224
