286 0.0001980083872001455
3473 0.00019579571586465991
4951 0.00019249691169855759
3890 0.00019106373423728195
7365 0.00018895770556703518
6359 0.00018760895462353666
4352 0.00018200043461019652
7032 0.00018147335968785535
7541 0.0001810241832388874
3699 0.0001804691319131487
4877 0.00017851664393175686
3242 0.00017668607351296715
6503 0.00017576011532793252
4221 0.0001749493251108712
7293 0.00017425339243523315
2276 0.00017397750327136555
1189 0.00017396616520589
1441 0.0001715751087349577
1866 0.00017076293475248443
8602 0.00017029996482273972
5012 0.00017029917660394623
2342 0.00017016512501451527
4660 0.0001695640038517166
7353 0.00016894652836865325
1237 0.00016885086432389515
257 0.00016884111797170752
8036 0.00016870794202887289
8314 0.0001687069940507691
7633 0.0001686059697256181
2797 0.00016846636409078889
6901 0.00016774820432322341
5303 0.00016753404281208645
9602 0.0001674870846022728
7451 0.00016741658855031494
2289 0.00016717231024090061
6579 0.00016645782397389767
1522 0.00016644860159440982
7833 0.00016616579614947788
7036 0.00016595937123491087
3916 0.00016591042231493738
1312 0.00016571792167652513
2026 0.00016529466995394027
8754 0.0001651322589112843
9559 0.00016483375740243003
3279 0.00016477290122614738
4384 0.0001647413326028722
5553 0.0001646449159454258
248 0.00016455213369199283
2568 0.0001644561677141926
1279 0.00016444091820250772
3683 0.00016365094816321504
1169 0.0001635464981051738
7016 0.00016326363729920088
6180 0.00016319910453621345
8914 0.00016311880694598623
7846 0.00016310421881693608
7497 0.0001628597258161583
5798 0.00016242100934725452
6898 0.0001624085717746951
2730 0.0001621564884724729
6655 0.00016215350719967457
1890 0.00016213424254112995
8065 0.00016211120029412175
9287 0.00016195885529627824
5421 0.0001616089645074545
9367 0.00016141292417465577
6500 0.00016132326915861014
517 0.0001612858891657126
8561 0.0001612575331949441
4240 0.00016119063469835024
5568 0.00016064712398408608
3545 0.00016044700108751837
8550 0.00016039010457326926
200 0.00016029277047188893
9747 0.00015999938728161528
2645 0.00015976430756683627
3145 0.0001597200057064881
1490 0.00015962859839264363
9043 0.00015949207901857904
614 0.00015949195373104056
8517 0.00015948136907042488
1340 0.00015946441783188067
70 0.0001591348754242828
1798 0.00015908474735077478
7220 0.00015879617060323342
348 0.0001587955337790685
1042 0.00015853359315190325
7854 0.000157813784930879
9910 0.00015779707955944355
8278 0.00015778515507524477
472 0.000157644206507998
6158 0.0001576219927295207
3340 0.0001575419369075699
226 0.00015753570165301923
6030 0.00015750472246503402
1493 0.0001573739003556703
8937 0.0001572454738233665
9520 0.00015717996363348447
3483 0.0001569863133396995
2794 0.0001568793445343224
