2730 0.00041287325579592997
7102 0.0004046687209343997
1010 0.0004023398047474903
368 0.00039584589363787266
1907 0.0003933320789673369
7453 0.00038862115383857016
4583 0.0003873124009566917
7420 0.0003837383999586377
1847 0.0003835789446178277
5369 0.00038168499600599087
3164 0.00038125582239144205
7446 0.0003803417549558026
3947 0.00037989705284304404
2794 0.0003752085754805049
3215 0.00037040167838059467
5346 0.00036994191202396935
7223 0.00036812704230856664
630 0.00036671123135854553
4417 0.0003640790509792393
4955 0.00036027583857827796
3208 0.00035944212261153433
2902 0.00035873797026638723
5671 0.0003579378797698149
5833 0.00035595327994493415
5553 0.0003542002254549934
8096 0.0003539372794394137
3204 0.0003531635839398654
758 0.00035277113592250436
6301 0.00035260105592761315
5769 0.0003509812005022798
8194 0.00035047769802453837
4957 0.00034950302246893777
8060 0.00034871313769199925
7938 0.0003475185861044341
5584 0.0003471810531828349
6568 0.00034695966830875164
1430 0.0003469006953564342
7250 0.0003463337667771375
3185 0.0003459249173605248
2737 0.00034392678081819394
3751 0.0003437226290506152
150 0.00034371817697973286
5099 0.00034154429159717083
2944 0.00033970980259352495
7872 0.0003387959232733446
2639 0.0003381138755348991
5074 0.00033810192650496535
1034 0.00033765114987674964
229 0.00033734535542510007
6648 0.0003371814145655918
4222 0.0003363420061482453
7406 0.00033605646208432696
2464 0.0003359127951407454
3578 0.00033582688283792766
930 0.00033544323074777743
6777 0.0003353896123050662
2484 0.0003338334458533549
4944 0.00033202314350002634
1197 0.0003314070241819369
3221 0.0003310485766344684
2041 0.0003308241997852729
7579 0.00033048955838826504
6787 0.0003303423951420639
6530 0.0003299760196324796
8112 0.00032983756189575045
6005 0.00032966218189826424
6190 0.0003295304086733075
5655 0.00032920161475631323
251 0.0003287021632455965
3951 0.00032830782784678473
8018 0.00032804613959086276
233 0.0003277425493876182
2589 0.00032749491359876636
5996 0.00032744689486047544
482 0.0003273054833084073
972 0.0003269609889865931
7499 0.00032518489749766035
7442 0.0003250326732874628
1173 0.0003248141989586841
2369 0.00032453614033467134
6315 0.0003237430358514825
5129 0.00032364838693718585
7784 0.0003235488734062827
5998 0.00032344539148640797
4692 0.00032334804651341996
4255 0.00032333084426374223
6692 0.0003231228991190615
4832 0.0003229449217591138
5275 0.00032211277892654175
5376 0.00032182819864923413
2232 0.00032089378435885233
6928 0.0003205446729358055
260 0.0003199414120828172
1677 0.00031989320470859434
6847 0.0003191409380392833
6883 0.0003189129399041233
7702 0.0003188946747733128
1798 0.0003185035092675062
4681 0.00031800879434877084
2664 0.00031764226086559684
